                           1                            2                            3                            4                            5 
              version_number                 initial_mass                    initial_z                    burn_min1                    burn_min2 
                       10398      1.0000000000000000E+000      2.0000000000000000E-002      5.0000000000000000E+001      1.0000000000000000E+003 

                                       1                                        2                                        3                                        4                                        5                                        6                                        7                                        8                                        9                                       10                                       11                                       12                                       13                                       14 
                            log_star_age                               luminosity                                   radius                                star_mass                 surface_cell_temperature                           conv_mx1_top_r                             conv_mx1_top                           center_entropy                              max_entropy                                    log_L                                 log_Teff                             log_center_T                           log_center_Rho                                    log_R 
                 3.4783104538071918E+000                  2.9715056238852537E-008                  1.9171590340563752E-001                  1.0014746296668701E-005                  1.7319864439639977E+002                  4.8745903234123804E-002                  6.4372884027526334E-001                  8.3259107055014194E+000                  8.3259107055014479E+000                 -7.5270234434572529E+000                  2.2385444871649205E+000                  3.8619396091162503E+000                 -9.7792944037999341E-001                 -7.1734185960584085E-001 
                 3.4814343826262846E+000                  3.0055960832761264E-008                  1.9281042310706112E-001                  1.0014746296668701E-005                  1.7319957357753617E+002                  1.8360700986221884E-001                  9.9796840680064425E-001                  8.3278395623030885E+000                  8.3278395623030885E+000                 -7.5220693838924602E+000                  2.2385468184253816E+000                  3.8620081196416800E+000                 -9.7886542521570830E-001                 -7.1486949234436681E-001 
                 3.4858937270144823E+000                  3.0485057607959671E-008                  1.9414052244517008E-001                  1.0014746296668701E-005                  1.7321802256243637E+002                  1.8495699958196829E-001                  9.9796840680064425E-001                  8.3312944995214533E+000                  8.3312944995214817E+000                 -7.5159129799500697E+000                  2.2385930762361652E+000                  3.8622135000378233E+000                 -9.8028614848177165E-001                 -7.1188380599473822E-001 
                 3.4919815905489209E+000                  3.1089932956764379E-008                  1.9600082832029767E-001                  1.0014746296668701E-005                  1.7324288653796356E+002                  1.8667029867781745E-001                  9.9791999552611654E-001                  8.3360735438204241E+000                  8.3360735438204241E+000                 -7.5073802144810493E+000                  2.2386554112385926E+000                  3.8624948538310111E+000                 -9.8225940847311533E-001                 -7.0774209326508319E-001 
                 3.4987064463528963E+000                  3.1784582206232494E-008                  1.9811758886186426E-001                  1.0014746296668701E-005                  1.7326946248581552E+002                  1.8844823153740387E-001                  9.9781625708069999E-001                  8.3414376646104671E+000                  8.3414376646104973E+000                 -7.4977834927979501E+000                  2.2387220280890587E+000                  3.8628068396746151E+000                 -9.8448545180221136E-001                 -7.0307696612446657E-001 
                 3.5054808610260104E+000                  3.2510648170425378E-008                  2.0031697270377796E-001                  1.0014746296668701E-005                  1.7329137638817716E+002                  1.9031606210034985E-001                  9.9771251863528343E-001                  8.3469330146463978E+000                  8.3469330146464280E+000                 -7.4879743718132259E+000                  2.2387769511271949E+000                  3.8631223372053847E+000                 -9.8677806025546677E-001                 -6.9828225170837621E-001 
                 3.5121493103400296E+000                  3.3253243025860804E-008                  2.0255196174110407E-001                  1.0014746296668701E-005                  1.7330843198665318E+002                  1.9258706229321390E-001                  9.9771251863528343E-001                  8.3524346606930617E+000                  8.3524346606930617E+000                 -7.4781659936825235E+000                  2.2388196929374842E+000                  3.8634338545421190E+000                 -9.8908608181111912E-001                 -6.9346354626360363E-001 
                 3.5186734154619614E+000                  3.4012959468764330E-008                  2.0480763541562932E-001                  1.0014746296668701E-005                  1.7332749158695898E+002                  1.9461100824630018E-001                  9.9763559425694215E-001                  8.3579058752553781E+000                  8.3579058752553781E+000                 -7.4683555784455216E+000                  2.2388674518647407E+000                  3.8637394363868398E+000                 -9.9139373216032411E-001                 -6.8865385649961508E-001 
                 3.5250517427019625E+000                  3.4786468269638111E-008                  2.0708274844624869E-001                  1.0014746296668701E-005                  1.7334449048979869E+002                  1.9665791353441531E-001                  9.9755866987860109E-001                  8.3633437092866583E+000                  8.3633437092866583E+000                 -7.4585896611881948E+000                  2.2389100427308977E+000                  3.8640389032732894E+000                 -9.9369982843630411E-001                 -6.8385607960326600E-001 
                 3.5312798553140627E+000                  3.5573395468035692E-008                  2.0937284643264090E-001                  1.0014746296668701E-005                  1.7336066718080161E+002                  1.9866273677935004E-001                  9.9746403100017245E-001                  8.3687386134026305E+000                  8.3687386134026305E+000                 -7.4488746795808050E+000                  2.2389505696623959E+000                  3.8643318452247080E+000                 -9.9599997804660068E-001                 -6.7907964266256848E-001 
                 3.5373654378374528E+000                  3.6371038044764885E-008                  2.1167808090617934E-001                  1.0014746296668701E-005                  1.7337257419005178E+002                  2.0100757395271532E-001                  9.9746403100017256E-001                  8.3740928230982821E+000                  8.3740928230982821E+000                 -7.4392443038207334E+000                  2.2389803975182443E+000                  3.8646184718299201E+000                 -9.9829487758969826E-001                 -6.7432411049422836E-001 
                 3.5433128600752535E+000                  3.7180223164683574E-008                  2.1399800302554989E-001                  1.0014746296668701E-005                  1.7338142017497600E+002                  2.0304789802643169E-001                  9.9736939212174391E-001                  8.3794059379538233E+000                  8.3794059379537931E+000                 -7.4296880078158747E+000                  2.2390025559506248E+000                  3.8648988471858741E+000                 -1.0005841059862510E+000                 -6.6959027935656035E-001 
                 3.5491343378140416E+000                  3.8007300440612703E-008                  2.1633439252073236E-001                  1.0014746296668701E-005                  1.7339373034581496E+002                  2.0524899288188769E-001                  9.9731681496706126E-001                  8.3846833829901666E+000                  8.3846833829901666E+000                 -7.4201329761054167E+000                  2.2390333899898449E+000                  3.8651734301437020E+000                 -1.0028694786458554E+000                 -6.6487443157977111E-001 
                 3.5548371246506201E+000                  3.8843167939320895E-008                  2.1869017939135696E-001                  1.0014746296668701E-005                  1.7339774230768055E+002                  2.0726290294129096E-001                  9.9720114522675962E-001                  8.3899313181158011E+000                  8.3899313181158295E+000                 -7.4106853574854377E+000                  2.2390434384378843E+000                  3.8654424332341959E+000                 -1.0051540107758756E+000                 -6.6017071916586112E-001 
                 3.5604194564487397E+000                  3.9698396588545077E-008                  2.2106266123747953E-001                  1.0014746296668701E-005                  1.7340633635876634E+002                  2.0947074129313117E-001                  9.9713805264114075E-001                  8.3951430139052974E+000                  8.3951430139052974E+000                 -7.4012270339625692E+000                  2.2390649627745280E+000                  3.8657056651237540E+000                 -1.0074343064567903E+000                 -6.5548460607771442E-001 
                 3.5658838609048362E+000                  4.0565635725910717E-008                  2.2344994132563897E-001                  1.0014746296668701E-005                  1.7341188831952800E+002                  2.1145501360698415E-001                  9.9700086153593703E-001                  8.4003172817374843E+000                  8.4003172817374843E+000                 -7.3918417135702246E+000                  2.2390788673549342E+000                  3.8659631451598191E+000                 -1.0097096106931713E+000                 -6.5081975504235356E-001 
                 3.5712414694282768E+000                  4.1441640129956870E-008                  2.2585075832347301E-001                  1.0014746296668701E-005                  1.7341149225542117E+002                  2.1369464552257267E-001                  9.9693678794425988E-001                  8.4054585483272621E+000                  8.4054585483272337E+000                 -7.3825630649111238E+000                  2.2390778754483271E+000                  3.8662155028747249E+000                 -1.0119806051304709E+000                 -6.4617844689958970E-001 
                 3.5765109058873854E+000                  4.2340538211191711E-008                  2.2827964347317509E-001                  1.0014746296668701E-005                  1.7341430487937529E+002                  2.1596441612260334E-001                  9.9687271435258273E-001                  8.4105867580125651E+000                  8.4105867580125651E+000                 -7.3732436257529539E+000                  2.2390849189896040E+000                  3.8664632134173336E+000                 -1.0142576759922806E+000                 -6.4153281440305854E-001 
                 3.5816860314981138E+000                  4.3253809709799799E-008                  2.3072925137545139E-001                  1.0014746296668701E-005                  1.7341401007242268E+002                  2.1810501557086187E-001                  9.9676058556714775E-001                  8.4156918242578076E+000                  8.4156918242578076E+000                 -7.3639756347176073E+000                  2.2390841810647832E+000                  3.8667060018478128E+000                 -1.0165356867902400E+000                 -6.3689734303574419E-001 
                 3.5867690285883072E+000                  4.4185783799290084E-008                  2.3320054655064673E-001                  1.0014746296668701E-005                  1.7341444770462999E+002                  2.2027188981200771E-001                  9.9664845678171277E-001                  8.4207737009630659E+000                  8.4207737009630659E+000                 -7.3547174367735391E+000                  2.2390852770622276E+000                  3.8669438970522818E+000                 -1.0188145254332708E+000                 -6.3227043605859889E-001 
                 3.5917554244278049E+000                  4.5131306503629539E-008                  2.3568829133637204E-001                  1.0014746296668701E-005                  1.7341229696800150E+002                  2.2249225682039805E-001                  9.9654676211303972E-001                  8.4258244335938368E+000                  8.4258244335938670E+000                 -7.3455220939315735E+000                  2.2390798907835703E+000                  3.8671766392630844E+000                 -1.0210902797997659E+000                 -6.2766199208030082E-001 
                 3.5966482626653113E+000                  4.6091951112352979E-008                  2.3819191403416287E-001                  1.0014746296668701E-005                  1.7340921979379362E+002                  2.2473229128730290E-001                  9.9644506744436678E-001                  8.4308444239016005E+000                  8.4308444239016005E+000                 -7.3363749074234610E+000                  2.2390721842285326E+000                  3.8674043561700451E+000                 -1.0233627974624178E+000                 -6.2307298571616909E-001 
                 3.6014505125080101E+000                  4.7068324104008789E-008                  2.4071231252373204E-001                  1.0014746296668701E-005                  1.7340533284593459E+002                  2.2697351212359596E-001                  9.9633705404898387E-001                  8.4358338847438059E+000                  8.4358338847437757E+000                 -7.3272712647343718E+000                  2.2390624494595142E+000                  3.8676270350511337E+000                 -1.0256322539871316E+000                 -6.1850169483358808E-001 
                 3.6061650240295680E+000                  4.8059694607307486E-008                  2.4324867944589848E-001                  1.0014746296668701E-005                  1.7340013223120746E+002                  2.2923470987724304E-001                  9.9622904065360096E-001                  8.4407932663097753E+000                  8.4407932663097753E+000                 -7.3182189932238071E+000                  2.2390494243009704E+000                  3.8678448011401181E+000                 -1.0278985359307644E+000                 -6.1394950876121812E-001 
                 3.6107943594156446E+000                  4.9066841519233418E-008                  2.4580038162609405E-001                  1.0014746296668701E-005                  1.7339444004811710E+002                  2.3148103394358432E-001                  9.9610969716247222E-001                  8.4457237149859470E+000                  8.4457237149859168E+000                 -7.3092118970815738E+000                  2.2390351675407953E+000                  3.8680578484339918E+000                 -1.0301617287240163E+000                 -6.0941744716975121E-001 
                 3.6153439394329889E+000                  5.0088845751398110E-008                  2.4836728079229986E-001                  1.0014746296668701E-005                  1.7338737950922433E+002                  2.3410314050395611E-001                  9.9610969716247211E-001                  8.4506300902765190E+000                  8.4506300902765474E+000                 -7.3002589760879717E+000                  2.2390174829353282E+000                  3.8682667700854561E+000                 -1.0324228727495088E+000                 -6.0490561746201532E-001 
                 3.6198231521577249E+000                  5.1127654213655228E-008                  2.5095422945873835E-001                  1.0014746296668701E-005                  1.7337885292445688E+002                  2.3639037431671309E-001                  9.9599035367134348E-001                  8.4555112471946998E+000                  8.4555112471946998E+000                 -7.2913441326682564E+000                  2.2389961253269344E+000                  3.8684708890307196E+000                 -1.0346834213002389E+000                 -6.0040548053536946E-001 
                 3.6242329058255418E+000                  5.2185357039839882E-008                  2.5356171747241607E-001                  1.0014746296668701E-005                  1.7337031595598623E+002                  2.3847255265240094E-001                  9.9579275702240966E-001                  8.4603740592616461E+000                  8.4603740592616461E+000                 -7.2824513408466895E+000                  2.2389747406367277E+000                  3.8686708609993432E+000                 -1.0369454148743407E+000                 -5.9591631524417354E-001 
                 3.6285774077637125E+000                  5.3264446074950494E-008                  2.5619422594838193E-001                  1.0014746296668701E-005                  1.7336207769349514E+002                  2.4077972971555622E-001                  9.9566102592312045E-001                  8.4652222633632750E+000                  8.4652222633632750E+000                 -7.2735625850764452E+000                  2.2389541032165958E+000                  3.8688665740014749E+000                 -1.0392114367236496E+000                 -5.9143066251878784E-001 
                 3.6328523401309925E+000                  5.4358484856379107E-008                  2.5884364016326317E-001                  1.0014746296668701E-005                  1.7335146036382503E+002                  2.4310864982741573E-001                  9.9552929482383146E-001                  8.4700463936312431E+000                  8.4700463936312431E+000                 -7.2647326569374142E+000                  2.2389275046158739E+000                  3.8690579628648214E+000                 -1.0414760806165648E+000                 -5.8696250124782845E-001 
                 3.6370563706906771E+000                  5.5471054510709832E-008                  2.6150913801929004E-001                  1.0014746296668701E-005                  1.7334151545925968E+002                  2.4583526793540861E-001                  9.9552929482383123E-001                  8.4748438312537928E+000                  8.4748438312537928E+000                 -7.2559335780578982E+000                  2.2389025891139887E+000                  3.8692449498886745E+000                 -1.0437380509001246E+000                 -5.8251313080430023E-001 
                 3.6411946763913354E+000                  5.6599521532238797E-008                  2.6419316004629462E-001                  1.0014746296668701E-005                  1.7332923627115889E+002                  2.4813025516287782E-001                  9.9537149375962208E-001                  8.4796176761898217E+000                  8.4796176761898217E+000                 -7.2471872401330488E+000                  2.2388718234171661E+000                  3.8694275361678470E+000                 -1.0459992030315586E+000                 -5.7807843044822949E-001 
                 3.6452701457784693E+000                  5.7745949348272757E-008                  2.6689544815638699E-001                  1.0014746296668701E-005                  1.7331622300950488E+002                  2.5044929660039816E-001                  9.9521369269541293E-001                  8.4843695699476331E+000                  8.4843695699476331E+000                 -7.2384784744209512E+000                  2.2388392160945392E+000                  3.8696059557882405E+000                 -1.0482597927896451E+000                 -5.7365883294692765E-001 
                 3.6492839720240839E+000                  5.8912403543348731E-008                  2.6961442466266344E-001                  1.0014746296668701E-005                  1.7330438117394141E+002                  2.5290062810719954E-001                  9.9509534189725601E-001                  8.4891032288974504E+000                  8.4891032288974806E+000                 -7.2297932582974580E+000                  2.2388095417978024E+000                  3.8697807217594375E+000                 -1.0505204277684972E+000                 -5.6925687629170685E-001 
                 3.6532381679837345E+000                  6.0099307452551535E-008                  2.7235296329573844E-001                  1.0014746296668701E-005                  1.7329288527125232E+002                  2.5537504073513767E-001                  9.9497699109909910E-001                  8.4938109721396149E+000                  8.4938109721396149E+000                 -7.2211305325108750E+000                  2.2387807326430438E+000                  3.8699509277683357E+000                 -1.0527794197530318E+000                 -5.6486789508889856E-001 
                 3.6571334382292058E+000                  6.1301359272406781E-008                  2.7510681998657166E-001                  1.0014746296668701E-005                  1.7327913291935673E+002                  2.5775997566608222E-001                  9.9481926536712428E-001                  8.4984975927475155E+000                  8.4984975927475457E+000                 -7.2125298954985375E+000                  2.2387462659401498E+000                  3.8701172722973798E+000                 -1.0550374326443865E+000                 -5.6049864317694165E-001 
                 3.6609707647817737E+000                  6.2522860699928820E-008                  2.7787756702768612E-001                  1.0014746296668701E-005                  1.7326561505987721E+002                  2.6016686099845554E-001                  9.9466153963514947E-001                  8.5031601584485017E+000                  8.5031601584485017E+000                 -7.2039611592873563E+000                  2.2387123845395980E+000                  3.8702794970009409E+000                 -1.0572935592919275E+000                 -5.5614651227024670E-001 
                 3.6647504264373252E+000                  6.3767031837770282E-008                  2.8066572901169173E-001                  1.0014746296668701E-005                  1.7325420174414970E+002                  2.6280966971826092E-001                  9.9458267676916201E-001                  8.5077972590745663E+000                  8.5077972590745663E+000                 -7.1954037976352652E+000                  2.2386837758771385E+000                  3.8704375456164994E+000                 -1.0595471610767619E+000                 -5.5181061411928278E-001 
                 3.6684745952293794E+000                  6.5024096414143516E-008                  2.8346691965117693E-001                  1.0014746296668701E-005                  1.7323945448392490E+002                  2.6519956332571781E-001                  9.9440432214660235E-001                  8.5124087099965067E+000                  8.5124087099965067E+000                 -7.1869256741198315E+000                  2.2386468075020098E+000                  3.8705916806918812E+000                 -1.0617973202360445E+000                 -5.4749761561130894E-001 
                 3.6721478046069254E+000                  6.6302353129277481E-008                  2.8628725978403252E-001                  1.0014746296668701E-005                  1.7322502922268322E+002                  2.6766456694618329E-001                  9.9424477006645129E-001                  8.5170035679467961E+000                  8.5170035679467961E+000                 -7.1784710578256155E+000                  2.2386106429246788E+000                  3.8707422468843271E+000                 -1.0640483425749989E+000                 -5.4319797830953875E-001 
                 3.6757699133356221E+000                  6.7598750566166181E-008                  2.8912331312045680E-001                  1.0014746296668701E-005                  1.7320982763258237E+002                  2.7009547829620195E-001                  9.9406458909571560E-001                  8.5215753332082826E+000                  8.5215753332082826E+000                 -7.1700613310884549E+000                  2.2385725294989118E+000                  3.8708889064683527E+000                 -1.0662974578664197E+000                 -5.3891688808942417E-001 
                 3.6793463067067127E+000                  6.8922953799926232E-008                  2.9198226611914357E-001                  1.0014746296668701E-005                  1.7319771225276432E+002                  2.7271216974005918E-001                  9.9394446844855844E-001                  8.5261319451153721E+000                  8.5261319451153419E+000                 -7.1616361184625514E+000                  2.2385421511749604E+000                  3.8710318313557912E+000                 -1.0685488542590311E+000                 -5.3464352512856994E-001 
                 3.6828753800115734E+000                  7.0263795607441126E-008                  2.9485790478991919E-001                  1.0014746296668701E-005                  1.7318326865584606E+002                  2.7503589251696492E-001                  9.9370422715424422E-001                  8.5306695607370884E+000                  8.5306695607370884E+000                 -7.1532683935869299E+000                  2.2385059322352348E+000                  3.8711711675546945E+000                 -1.0707998083156933E+000                 -5.3038722481130707E-001 
                 3.6863568968598837E+000                  7.1626833563459538E-008                  2.9774893034791827E-001                  1.0014746296668701E-005                  1.7317023702616959E+002                  2.7738298021470292E-001                  9.9346398585993001E-001                  8.5351871676735716E+000                  8.5351871676736017E+000                 -7.1449242474496790E+000                  2.2384732513785615E+000                  3.8713071213093389E+000                 -1.0730490849049061E+000                 -5.2614979002933626E-001 
                 3.6897951730776586E+000                  7.3004474594288330E-008                  3.0065944433504660E-001                  1.0014746296668701E-005                  1.7315273785780491E+002                  2.8037293883083336E-001                  9.9346398585993001E-001                  8.5396867490296255E+000                  8.5396867490296255E+000                 -7.1366505202623820E+000                  2.2384293629188279E+000                  3.8714392360311853E+000                 -1.0752993288259962E+000                 -5.2192514951621993E-001 
                 3.6931906753950363E+000                  7.4406078731704557E-008                  3.0358487338496343E-001                  1.0014746296668701E-005                  1.7313762603754546E+002                  2.8276417579594654E-001                  9.9322374456561568E-001                  8.5441675346667214E+000                  8.5441675346667214E+000                 -7.1283915825751514E+000                  2.2383914584192612E+000                  3.8715681883186472E+000                 -1.0775479560215062E+000                 -5.1771987167347167E-001 
                 3.6965496956716790E+000                  7.5839777475957337E-008                  3.0653745541890248E-001                  1.0014746296668701E-005                  1.7312584524718824E+002                  2.8518996316755424E-001                  9.9298350327130147E-001                  8.5486395111477158E+000                  8.5486395111477158E+000                 -7.1201029499461708E+000                  2.2383619067482736E+000                  3.8716935971151778E+000                 -1.0798021191618754E+000                 -5.1351645201700580E-001 
                 3.6998652030831805E+000                  7.7290275195566690E-008                  3.0950502730728080E-001                  1.0014746296668701E-005                  1.7311184211161327E+002                  2.8763845929045562E-001                  9.9274326197698726E-001                  8.5530907855107188E+000                  8.5530907855107188E+000                 -7.1118751463739338E+000                  2.2383267777914679E+000                  3.8718155150154900E+000                 -1.0820546165626053E+000                 -5.0933229231727573E-001 
                 3.7031384902515425E+000                  7.8759852793064843E-008                  3.1248779384945774E-001                  1.0014746296668701E-005                  1.7309682947125233E+002                  2.9070581703175108E-001                  9.9274326197698726E-001                  8.5575218510545614E+000                  8.5575218510545614E+000                 -7.1036951042558512E+000                  2.2382891131900755E+000                  3.8719340059629941E+000                 -1.0843055581832886E+000                 -5.0516694205544965E-001 
                 3.7063713525323041E+000                  8.0249163570808014E-008                  3.1548614310507894E-001                  1.0014746296668701E-005                  1.7308100273291632E+002                  2.9319405437110285E-001                  9.9250302068267326E-001                  8.5619339274926123E+000                  8.5619339274926123E+000                 -7.0955594855084563E+000                  2.2382494024682518E+000                  3.8720491490751954E+000                 -1.0865554359789573E+000                 -5.0101971123810474E-001 
                 3.7095627013185295E+000                  8.1766937247409288E-008                  3.1849930930689990E-001                  1.0014746296668701E-005                  1.7306912718000339E+002                  2.9599782749332332E-001                  9.9238290003551610E-001                  8.5663242857228994E+000                  8.5663242857228692E+000                 -7.0874222693563791E+000                  2.2382196034534605E+000                  3.8721609167164521E+000                 -1.0888027399238807E+000                 -4.9689150513248415E-001 
                 3.7127150997256781E+000                  8.3300716152773617E-008                  3.2152559725489593E-001                  1.0014746296668701E-005                  1.7305486990223929E+002                  2.9852463552766495E-001                  9.9214265874120189E-001                  8.5706946712723742E+000                  8.5706946712723440E+000                 -7.0793512648613897E+000                  2.2381838251941755E+000                  3.8722694861241882E+000                 -1.0910479604728056E+000                 -4.9278444636641872E-001 
                 3.7158311121647039E+000                  8.4856664566787678E-008                  3.2456920861765037E-001                  1.0014746296668701E-005                  1.7304029600595715E+002                  3.0107548069229184E-001                  9.9190241744688779E-001                  8.5750488497121182E+000                  8.5750488497121466E+000                 -7.0713140429053389E+000                  2.2381472492030241E+000                  3.8723748459722591E+000                 -1.0932933814893957E+000                 -4.8869268340609046E-001 
                 3.7189119093109286E+000                  8.6442097819524846E-008                  3.2763006773974879E-001                  1.0014746296668701E-005                  1.7302898768503960E+002                  3.0350191607862420E-001                  9.9160053170776019E-001                  8.5793867060573312E+000                  8.5793867060572993E+000                 -7.0632747019879121E+000                  2.2381188669204355E+000                  3.8724771042144668E+000                 -1.0955385997001781E+000                 -4.8461624838220085E-001 
                 3.7219592584118097E+000                  8.8041734731675798E-008                  3.3070448826581411E-001                  1.0014746296668701E-005                  1.7301410936230431E+002                  3.0623627625788985E-001                  9.9141876661578965E-001                  8.5837081996174920E+000                  8.5837081996175222E+000                 -7.0553114089063751E+000                  2.2380815214369578E+000                  3.8725764617631273E+000                 -1.0977829575837699E+000                 -4.8055991087447669E-001 
                 3.7249770702669052E+000                  8.9671076168326471E-008                  3.3380194915945005E-001                  1.0014746296668701E-005                  1.7300078730238215E+002                  3.0899769620947237E-001                  9.9123700152381911E-001                  8.5880212363282080E+000                  8.5880212363281760E+000                 -7.0473476181170325E+000                  2.2380480795405373E+000                  3.8726728250771174E+000                 -1.1000314472429049E+000                 -4.7651113168696380E-001 
                 3.7279629603330440E+000                  9.1329422235256260E-008                  3.3691688407947640E-001                  1.0014746296668701E-005                  1.7298988433294778E+002                  3.1178017872275776E-001                  9.9105523643184856E-001                  8.5923197814020398E+000                  8.5923197814020718E+000                 -7.0393892897607593E+000                  2.2380207080177170E+000                  3.8727662386832700E+000                 -1.1022803561870340E+000                 -4.7247722446318696E-001 
                 3.7309168870134801E+000                  9.3009893579524080E-008                  3.4004027221430250E-001                  1.0014746296668701E-005                  1.7298025281765857E+002                  3.1415182064028691E-001                  9.9069170624790748E-001                  8.5966004470963160E+000                  8.5966004470963160E+000                 -7.0314708525378782E+000                  2.2379965275049774E+000                  3.8728573405672262E+000                 -1.1045256417482128E+000                 -4.6846964482626746E-001 
                 3.7338493037077964E+000                  9.4709587714467702E-008                  3.4319341274315851E-001                  1.0014746296668701E-005                  1.7296508039361734E+002                  3.1698403767927369E-001                  9.9050994115593705E-001                  8.6008827310949041E+000                  8.6008827310949041E+000                 -7.0236060539352785E+000                  2.2379584330398710E+000                  3.8729454352016486E+000                 -1.1067810885743932E+000                 -4.6446105659475451E-001 
                 3.7367542818402302E+000                  9.6450512537484927E-008                  3.4636442967995412E-001                  1.0014746296668701E-005                  1.7295730541499461E+002                  3.1942044286957316E-001                  9.9014641097199585E-001                  8.6051563215404183E+000                  8.6051563215404183E+000                 -7.0156954601755128E+000                  2.2379389105671041E+000                  3.8730312634123423E+000                 -1.1090382173233497E+000                 -4.6046671476933770E-001 
                 3.7396351502997480E+000                  9.8204996322572166E-008                  3.4955653014961779E-001                  1.0014746296668701E-005                  1.7294344440985691E+002                  3.2271520557559230E-001                  9.9014641097199585E-001                  8.6094219038597348E+000                  8.6094219038597668E+000                 -7.0078664162851050E+000                  2.2379041043047940E+000                  3.8731141156518070E+000                 -1.1112997114958543E+000                 -4.5648258029951405E-001 
                 3.7424927212424208E+000                  1.0000384741370348E-007                  3.5277656661424034E-001                  1.0014746296668701E-005                  1.7293533154362157E+002                  3.2480368027319578E-001                  9.8960111569608411E-001                  8.6136876810431549E+000                  8.6136876810431549E+000                 -6.9999832912160151E+000                  2.2378837308433912E+000                  3.8731944512853338E+000                 -1.1135689619945046E+000                 -4.5250027084216354E-001 
                 3.7453211057932601E+000                  1.0181465350211882E-007                  3.5600727291854911E-001                  1.0014746296668701E-005                  1.7292291783452393E+002                  3.2814027551416292E-001                  9.8960111569608400E-001                  8.6179298427297653E+000                  8.6179298427297653E+000                 -6.9921897124007382E+000                  2.2378525549653525E+000                  3.8732715996762330E+000                 -1.1158340214136784E+000                 -4.4854112967844673E-001 
                 3.7481256050869320E+000                  1.0366406795194315E-007                  3.5925685557585435E-001                  1.0014746296668701E-005                  1.7291550917647149E+002                  3.3108861189509631E-001                  9.8941935060411346E-001                  8.6221620195912276E+000                  8.6221620195912276E+000                 -6.9843717527180074E+000                  2.2378339478575202E+000                  3.8733461983242754E+000                 -1.1181009240634070E+000                 -4.4459493562141700E-001 
                 3.7509070291540003E+000                  1.0553389966896848E-007                  3.6252860036119239E-001                  1.0014746296668701E-005                  1.7290449256909983E+002                  3.3366055771363334E-001                  9.8905582042017226E-001                  8.6263903603180498E+000                  8.6263903603180498E+000                 -6.9766080135952713E+000                  2.2378062776649141E+000                  3.8734181157045424E+000                 -1.1203737377226386E+000                 -4.4065772567483663E-001 
                 3.7536608933499243E+000                  1.0743543173309511E-007                  3.6581583015100005E-001                  1.0014746296668701E-005                  1.7289604308135523E+002                  3.3645616433814479E-001                  9.8878317278221639E-001                  8.6306017534707014E+000                  8.6306717288959991E+000                 -6.9688524666022627E+000                  2.2377850540694180E+000                  3.8734872070728543E+000                 -1.1226451684820060E+000                 -4.3673750498734065E-001 
                 3.7563881161944468E+000                  1.0937460865862667E-007                  3.6911805899350802E-001                  1.0014746296668701E-005                  1.7289239862767985E+002                  3.3887525622546633E-001                  9.8832876005228998E-001                  8.6348012235003715E+000                  8.6349617645125729E+000                 -6.9610834878686294E+000                  2.2377758995359280E+000                  3.8735538700650145E+000                 -1.1249169179119045E+000                 -4.3283470655354406E-001 
                 3.7590893147779574E+000                  1.1131853352540262E-007                  3.7243122600268824E-001                  1.0014746296668701E-005                  1.7288138932177216E+002                  3.4230230456270799E-001                  9.8832876005228998E-001                  8.6389821926089674E+000                  8.6392342924701460E+000                 -6.9534325235562884E+000                  2.2377482439965930E+000                  3.8736176657462620E+000                 -1.1271865101844891E+000                 -4.2895391331870325E-001 
                 3.7617666127301259E+000                  1.1330241031196181E-007                  3.7576116715730740E-001                  1.0014746296668701E-005                  1.7287542363345935E+002                  3.4475640005509328E-001                  9.8787080825320772E-001                  8.6431503206806699E+000                  8.6434933552342059E+000                 -6.9457608511776412E+000                  2.2377332573590092E+000                  3.8736788892748049E+000                 -1.1294563518446179E+000                 -4.2508810385421220E-001 
                 3.7644202176589037E+000                  1.1531206156453204E-007                  3.7910537625828239E-001                  1.0014746296668701E-005                  1.7286940240587472E+002                  3.4762456740611586E-001                  9.8759462154609612E-001                  8.6473051176997657E+000                  8.6477383967510484E+000                 -6.9381252634169224E+000                  2.2377181306775289E+000                  3.8737375676705610E+000                 -1.1317260709412071E+000                 -4.2124005661089253E-001 
                 3.7670503887148530E+000                  1.1735351299430748E-007                  3.8246332973441982E-001                  1.0014746296668701E-005                  1.7286558534266112E+002                  3.5021841660372954E-001                  9.8718034148542866E-001                  8.6514463677921452E+000                  8.6519706999520238E+000                 -6.9305039052029525E+000                  2.2377085410793689E+000                  3.8737937566936900E+000                 -1.1339953650510826E+000                 -4.1741019830758747E-001 
                 3.7696574876154525E+000                  1.1941478640458140E-007                  3.8583413629004853E-001                  1.0014746296668701E-005                  1.7285964644036045E+002                  3.5370853988371720E-001                  9.8718034148542866E-001                  8.6555734354083871E+000                  8.6561885614027556E+000                 -6.9229418938404566E+000                  2.2376936203769642E+000                  3.8738474275245780E+000                 -1.1362639564006967E+000                 -4.1359935122153058E-001 
                 3.7722401183176979E+000                  1.2149839339435728E-007                  3.8921198157112913E-001                  1.0014746296668701E-005                  1.7285380794406018E+002                  3.5633411835838247E-001                  9.8676606142476131E-001                  8.6596838136967023E+000                  8.6603846960265294E+000                 -6.9154294648194004E+000                  2.2376789514209783E+000                  3.8738989787343407E+000                 -1.1385290796076257E+000                 -4.0981379879903024E-001 
                 3.7748053472645413E+000                  1.2362297951406665E-007                  3.9261148571553423E-001                  1.0014746296668701E-005                  1.7285132767014071E+002                  3.5927760196202496E-001                  9.8648987471764993E-001                  8.6637873830685859E+000                  8.6645777924709559E+000                 -6.9079007934175127E+000                  2.2376727195783106E+000                  3.8739479934648875E+000                 -1.1407979307133347E+000                 -4.0603699941275045E-001 
                 3.7773534317214876E+000                  1.2577835249675722E-007                  3.9602783058819480E-001                  1.0014746296668701E-005                  1.7284946526030825E+002                  3.6195692302657378E-001                  9.8607559465698280E-001                  8.6678821070300369E+000                  8.6687615716903625E+000                 -6.9003940981609233E+000                  2.2376680403114833E+000                  3.8739946549144553E+000                 -1.1430687168313913E+000                 -4.0227429325080116E-001 
                 3.7798873874285768E+000                  1.2798105591776295E-007                  3.9946824675494408E-001                  1.0014746296668701E-005                  1.7285211932013965E+002                  3.6410265242509043E-001                  9.8538512788920418E-001                  8.6719753070286778E+000                  8.6729438627550479E+000                 -6.8928543109713809E+000                  2.2376747087425448E+000                  3.8740391008390960E+000                 -1.1453453248589456E+000                 -3.9851773651815309E-001 
                 3.7824070580893170E+000                  1.3019552434090578E-007                  4.0292742556293998E-001                  1.0014746296668701E-005                  1.7284826217746095E+002                  3.6769049025809725E-001                  9.8538512788920418E-001                  8.6760652138297925E+000                  8.6771245767843386E+000                 -6.8854039450109665E+000                  2.2376650174835517E+000                  3.8740811995231046E+000                 -1.1476271367173709E+000                 -3.9477317101995957E-001 
                 3.7849113012689339E+000                  1.3244707967727621E-007                  4.0639968884041444E-001                  1.0014746296668701E-005                  1.7284759119833956E+002                  3.7017012316465470E-001                  9.8483275447498142E-001                  8.6801436641001306E+000                  8.6813396113479069E+000                 -6.8779576130105875E+000                  2.2376633315942764E+000                  3.8741211707329311E+000                 -1.1499086168923023E+000                 -3.9104663324122063E-001 
                 3.7874031664620218E+000                  1.3472957032606967E-007                  4.0990003693956201E-001                  1.0014746296668701E-005                  1.7284474124092060E+002                  3.7380271446207891E-001                  9.8483275447498142E-001                  8.6842257678547323E+000                  8.6855619932093830E+000                 -6.8705370752492749E+000                  2.2376561706867673E+000                  3.8741587126257286E+000                 -1.1521996785449764E+000                 -3.8732204254554453E-001 
                 3.7898774528072070E+000                  1.3706243267680274E-007                  4.1341514577279187E-001                  1.0014746296668701E-005                  1.7284858774964300E+002                  3.7633950694256779E-001                  9.8428038106075877E-001                  8.6882965834398078E+000                  8.6897710348216393E+000                 -6.8630815642978744E+000                  2.2376658355090449E+000                  3.8741941527491361E+000                 -1.1544904301295700E+000                 -3.8361361671439997E-001 
                 3.7923356372957318E+000                  1.3941659083196185E-007                  4.1694377696554435E-001                  1.0014746296668701E-005                  1.7284996056153349E+002                  3.8000246640738627E-001                  9.8428038106075877E-001                  8.6923575406608968E+000                  8.6939700322344216E+000                 -6.8556855413166904E+000                  2.2376692847865600E+000                  3.8742273218934815E+000                 -1.1567822696689756E+000                 -3.7992250377883796E-001 
                 3.7947773067299972E+000                  1.4179764774321900E-007                  4.2048666153881159E-001                  1.0014746296668701E-005                  1.7285046925546342E+002                  3.8258281440917713E-001                  9.8372800764653623E-001                  8.6964084504045953E+000                  8.6981623499322751E+000                 -6.8483309735296327E+000                  2.2376705629005649E+000                  3.8742581648499197E+000                 -1.1590752693133817E+000                 -3.7624777611331905E-001 
                 3.7972009872598895E+000                  1.4421949208195360E-007                  4.2403893241013962E-001                  1.0014746296668701E-005                  1.7285523732923178E+002                  3.8572614551616818E-001                  9.8345182093942485E-001                  8.7004458250259269E+000                  8.7023372268162724E+000                 -6.8409760382882912E+000                  2.2376825424396296E+000                  3.8742871386451880E+000                 -1.1613658875444022E+000                 -3.7259426757077796E-001 
                 3.7996114812566955E+000                  1.4667240227060536E-007                  4.2760287146841863E-001                  1.0014746296668701E-005                  1.7286067838447295E+002                  3.8834453149537879E-001                  9.8289944752520220E-001                  8.7044738975006641E+000                  8.7064998728637342E+000                 -6.8336515948759535E+000                  2.2376962130318661E+000                  3.8743142386074623E+000                 -1.1636566426388506E+000                 -3.6895938704908282E-001 
                 3.8020142593881574E+000                  1.4916646111035598E-007                  4.3119683654036856E-001                  1.0014746296668701E-005                  1.7286593989791908E+002                  3.9113212583578533E-001                  9.8241268634242263E-001                  8.7085060825815841E+000                  8.7106721925516322E+000                 -6.8263288135394609E+000                  2.2377094318389590E+000                  3.8743387393800228E+000                 -1.1659578198365372E+000                 -3.6532443399502207E-001 
                 3.8044065743511366E+000                  1.5169496416438986E-007                  4.3480262766765271E-001                  1.0014746296668701E-005                  1.7287258619473911E+002                  3.9488037776109808E-001                  9.8241268634242263E-001                  8.7125332201315704E+000                  8.7148259225493376E+000                 -6.8190288362990863E+000                  2.2377261291420747E+000                  3.8743617016632226E+000                 -1.1682605576094351E+000                 -3.6170783998106604E-001 
                 3.8067901621423443E+000                  1.5426028501566276E-007                  4.3843402959339278E-001                  1.0014746296668701E-005                  1.7287843526008231E+002                  3.9743823728683025E-001                  9.8178096291541850E-001                  8.7165601160592434E+000                  8.7190010774036999E+000                 -6.8117458705579939E+000                  2.2377408230458791E+000                  3.8743821679129984E+000                 -1.1705708148510743E+000                 -3.5809574491812785E-001 
                 3.8091613884254616E+000                  1.5686400410429930E-007                  4.4208142309592496E-001                  1.0014746296668701E-005                  1.7288571468212820E+002                  4.0042617541723219E-001                  9.8135981396408201E-001                  8.7205796801780586E+000                  8.7231590820440026E+000                 -6.8044767034008506E+000                  2.2377591095741924E+000                  3.8744005067469929E+000                 -1.1728832137151293E+000                 -3.5449773439618337E-001 
                 3.8115198256439449E+000                  1.5950239664023335E-007                  4.4574294070459763E-001                  1.0014746296668701E-005                  1.7289362676520594E+002                  4.0363486865033826E-001                  9.8104395225057972E-001                  8.7245923971486636E+000                  8.7273086825376716E+000                 -6.7972327869653659E+000                  2.2377789845262965E+000                  3.8744168814202586E+000                 -1.1751975186185046E+000                 -3.5091552608264948E-001 
                 3.8138658719126513E+000                  1.6219637591326043E-007                  4.4941804532321394E-001                  1.0014746296668701E-005                  1.7290774683257516E+002                  4.0606520885459102E-001                  9.8030694158574094E-001                  8.7285972834603598E+000                  8.7314504369991166E+000                 -6.7899588538144835E+000                  2.2378144515200158E+000                  3.8744313909042596E+000                 -1.1775128364297274E+000                 -3.4734949349464678E-001 
                 3.8162007715064261E+000                  1.6488984622871678E-007                  4.5309851191740541E-001                  1.0014746296668701E-005                  1.7291456598667253E+002                  4.0989855382046586E-001                  9.8030694158574072E-001                  8.7325900450968348E+000                  8.7355760423182662E+000                 -6.7828060870032036E+000                  2.2378315785476062E+000                  3.8744439819850855E+000                 -1.1798268187316872E+000                 -3.4380736414418800E-001 
                 3.8185266980971604E+000                  1.6764712633574827E-007                  4.5679905586937264E-001                  1.0014746296668701E-005                  1.7292821068861571E+002                  4.1315874137948178E-001                  9.7999107987223844E-001                  8.7365829626481890E+000                  8.7396956025595482E+000                 -6.7756038864774721E+000                  2.2378658477962206E+000                  3.8744550726132445E+000                 -1.1821453517382077E+000                 -3.4027480237855112E-001 
                 3.8208470977996125E+000                  1.7042478127964644E-007                  4.6050523416455191E-001                  1.0014746296668701E-005                  1.7293994604947250E+002                  4.1564687463796973E-001                  9.7925406920739977E-001                  8.7405629206468376E+000                  8.7437709287711147E+000                 -6.7684672546955236E+000                  2.2378953191471673E+000                  3.8744642960093296E+000                 -1.1844619090491424E+000                 -3.3676542918946961E-001 
                 3.8231682523757113E+000                  1.7325636460925759E-007                  4.6425466891303463E-001                  1.0014746296668701E-005                  1.7295119917149646E+002                  4.1877593349970227E-001                  9.7883292025606339E-001                  8.7445603089073582E+000                  8.7479041424940522E+000                 -6.7613108025233171E+000                  2.2379235775737740E+000                  3.8744709040348768E+000                 -1.1867968681852923E+000                 -3.3324371995657959E-001 
                 3.8254784981808032E+000                  1.7614111173734877E-007                  4.6801629987130244E-001                  1.0014746296668701E-005                  1.7296734219628536E+002                  4.2153554701721291E-001                  9.7820119682905882E-001                  8.7485476470355099E+000                  8.7520264305849871E+000                 -6.7541392668785054E+000                  2.2379641121267939E+000                  3.8744756419937683E+000                 -1.1891315967477973E+000                 -3.2973902124021409E-001 
                 3.8277783828636256E+000                  1.7905083153560620E-007                  4.7178663406644611E-001                  1.0014746296668701E-005                  1.7298190968266576E+002                  4.2546691334573877E-001                  9.7820119682905882E-001                  8.7525246948844870E+000                  8.7561646648159943E+000                 -6.7470236577267126E+000                  2.2380006873144769E+000                  3.8744784860302901E+000                 -1.1914660428390880E+000                 -3.2625436703968319E-001 
                 3.8300685155034597E+000                  1.8199135559046018E-007                  4.7556524543705048E-001                  1.0014746296668701E-005                  1.7299639530091784E+002                  4.2825714825407557E-001                  9.7756947340205436E-001                  8.7564903080849703E+000                  8.7602766591385279E+000                 -6.7399492400837264E+000                  2.2380370538889354E+000                  3.8744794527619204E+000                 -1.1937994893527573E+000                 -3.2278989136710734E-001 
                 3.8323522566001449E+000                  1.8497963556991575E-007                  4.7935581683813683E-001                  1.0014746296668701E-005                  1.7301405990300572E+002                  4.3144851214584862E-001                  9.7714832445071809E-001                  8.7604502437284406E+000                  8.7643660039234366E+000                 -6.7328760804965651E+000                  2.2380813972163125E+000                  3.8744789363745844E+000                 -1.1961340445630750E+000                 -3.1934199822828058E-001 
                 3.8346323536485407E+000                  1.8801490005920571E-007                  4.8316605319142453E-001                  1.0014746296668701E-005                  1.7303313585187826E+002                  4.3428693001194346E-001                  9.7651660102371363E-001                  8.7644107831334352E+000                  8.7684550784763022E+000                 -6.7258077318157108E+000                  2.2381292784980729E+000                  3.8744766381070410E+000                 -1.1984743977666932E+000                 -3.1590358645137451E-001 
                 3.8369062480869420E+000                  1.9109703569452255E-007                  4.8699065593771929E-001                  1.0014746296668701E-005                  1.7305437836435263E+002                  4.3677390558564377E-001                  9.7567430312104098E-001                  8.7683628009608903E+000                  8.7725378484888914E+000                 -6.7187460496875113E+000                  2.2381825916382052E+000                  3.8744721777982427E+000                 -1.2008164339615972E+000                 -3.1247937166753953E-001 
                 3.8391742365243986E+000                  1.9419073441389149E-007                  4.9082357520000369E-001                  1.0014746296668701E-005                  1.7307081428591559E+002                  4.4077807055814955E-001                  9.7567430312104098E-001                  8.7723078848236806E+000                  8.7765882131344224E+000                 -6.7117714957921590E+000                  2.2382238370008127E+000                  3.8744659468875189E+000                 -1.2031598125554774E+000                 -3.0907458544507793E-001 
                 3.8414369087378359E+000                  1.9736095509515882E-007                  4.9466757643123077E-001                  1.0014746296668701E-005                  1.7309638789882476E+002                  4.4292940015275806E-001                  9.7462143074270002E-001                  8.7762427817708062E+000                  8.7806350011760017E+000                 -6.7047387618181098E+000                  2.2382880052948502E+000                  3.8744582502410028E+000                 -1.2055016246788195E+000                 -3.0568655504612846E-001 
                 3.8436986233694275E+000                  2.0053433998314844E-007                  4.9852585301418761E-001                  1.0014746296668701E-005                  1.7311422818990783E+002                  4.4696279089974944E-001                  9.7462143074270002E-001                  8.7801791345411129E+000                  8.7847102642806902E+000                 -6.6978112470428455E+000                  2.2383327638275565E+000                  3.8744487346965140E+000                 -1.2078498962211059E+000                 -3.0231231472390852E-001 
                 3.8459569695047455E+000                  2.0379133034874044E-007                  5.0240574366080548E-001                  1.0014746296668701E-005                  1.7314045180149810E+002                  4.4915972802237419E-001                  9.7356010921988623E-001                  8.7841132397979447E+000                  8.7888031191070120E+000                 -6.6908142956082459E+000                  2.2383985464497944E+000                  3.8744373328707846E+000                 -1.2102026785945494E+000                 -2.9894540425108501E-001 
                 3.8482093973784095E+000                  2.0705397612205489E-007                  5.0628721955367906E-001                  1.0014746296668701E-005                  1.7316169557890541E+002                  4.5321918294533792E-001                  9.7356010921988612E-001                  8.7880345445790411E+000                  8.7928524774313424E+000                 -6.6839164251891923E+000                  2.2384518297163072E+000                  3.8744242495622787E+000                 -1.2125530970671063E+000                 -2.9560303557458412E-001 
                 3.8504581859186122E+000                  2.1036556589215696E-007                  5.1018134257892012E-001                  1.0014746296668701E-005                  1.7318520790265788E+002                  4.5645864917225715E-001                  9.7307997979127803E-001                  8.7919521474546389E+000                  8.7968987900544864E+000                 -6.6770253470605549E+000                  2.2385107952917336E+000                  3.8744095334311708E+000                 -1.2149063549764858E+000                 -2.9227542766111786E-001 
                 3.8527026291429878E+000                  2.1373783257954140E-007                  5.1408475022973144E-001                  1.0014746296668701E-005                  1.7321376748260306E+002                  4.5916000096419674E-001                  9.7227976407693129E-001                  8.7958571229520643E+000                  8.8009318770076845E+000                 -6.6701185989107552E+000                  2.2385824079085306E+000                  3.8743931154908093E+000                 -1.2172574400944374E+000                 -2.8896527881981188E-001 
                 3.8549447407327184E+000                  2.1712872637224236E-007                  5.1799393453651776E-001                  1.0014746296668701E-005                  1.7323929283077595E+002                  4.6325075950974054E-001                  9.7227976407693129E-001                  8.7997567905512852E+000                  8.8049515865235612E+000                 -6.6632827151009053E+000                  2.2386464022548633E+000                  3.8743754678247582E+000                 -1.2196091069622230E+000                 -2.8567532560755277E-001 
                 3.8571882674834437E+000                  2.2057690749771326E-007                  5.2190976550128310E-001                  1.0014746296668701E-005                  1.7326933859468417E+002                  4.6570524938811841E-001                  9.7131950521971522E-001                  8.8036460649540071E+000                  8.8089661798470189E+000                 -6.6564399564074792E+000                  2.2387217175968455E+000                  3.8743562592504723E+000                 -1.2219594692283715E+000                 -2.8240457694480364E-001 
                 3.8594359959541382E+000                  2.2406295635399745E-007                  5.2584346030859952E-001                  1.0014746296668701E-005                  1.7329805765833120E+002                  4.6819410237433462E-001                  9.7035924636249904E-001                  8.8075358793968714E+000                  8.8129796711934318E+000                 -6.6496299381139918E+000                  2.2387936951213110E+000                  3.8743352428623821E+000                 -1.2243157826746389E+000                 -2.7914352284699129E-001 
                 3.8616844311826317E+000                  2.2759444742311037E-007                  5.2979369058707426E-001                  1.0014746296668701E-005                  1.7332708888960929E+002                  4.7233170591128271E-001                  9.7035924636249904E-001                  8.8114298321551008E+000                  8.8169972303308946E+000                 -6.6428383375446245E+000                  2.2388664428915761E+000                  3.8743128027074385E+000                 -1.2266788982042289E+000                 -2.7589321810283846E-001 
                 3.8639338424788763E+000                  2.3117801113027498E-007                  5.3375763431670675E-001                  1.0014746296668701E-005                  1.7335804436923448E+002                  4.7540537222103030E-001                  9.6971907379102162E-001                  8.8153149933014223E+000                  8.8210039018300570E+000                 -6.6360534769078035E+000                  2.2389439991112461E+000                  3.8742883754170907E+000                 -1.2290430931210421E+000                 -2.7265590022376712E-001 
                 3.8661856331693958E+000                  2.3482217922862584E-007                  5.3773682432382952E-001                  1.0014746296668701E-005                  1.7339210049408629E+002                  4.7796632530701816E-001                  9.6875881493380556E-001                  8.8191962735488350E+000                  8.8250177270087935E+000                 -6.6292608858669313E+000                  2.2390293077259322E+000                  3.8742621919447062E+000                 -1.2314104996648119E+000                 -2.6943022193270361E-001 
                 3.8684397813439393E+000                  2.3848520833593448E-007                  5.4172028240735370E-001                  1.0014746296668701E-005                  1.7342321458818662E+002                  4.8214263422543813E-001                  9.6875881493380556E-001                  8.8230708190966638E+000                  8.8290178869775104E+000                 -6.6225385522100089E+000                  2.2391072320749741E+000                  3.8742346624917796E+000                 -1.2337780893933961E+000                 -2.6622490380232600E-001 
                 3.8706984540190277E+000                  2.4221351622842831E-007                  5.4572051724803461E-001                  1.0014746296668701E-005                  1.7345781475331322E+002                  4.8527162887150849E-001                  9.6811864236232847E-001                  8.8269427541103163E+000                  8.8330148736134166E+000                 -6.6158016256040426E+000                  2.2391938707775081E+000                  3.8742053650643444E+000                 -1.2361496968168026E+000                 -2.6302971790441065E-001 
                 3.8729611942500806E+000                  2.4598431058113702E-007                  5.4972481515019966E-001                  1.0014746296668701E-005                  1.7349365611454084E+002                  4.8841127449720856E-001                  9.6747846979085106E-001                  8.8308138704499743E+000                  8.8369769540634540E+000                 -6.6090925922678903E+000                  2.2392835992028068E+000                  3.8741753715337932E+000                 -1.2385228179997252E+000                 -2.5985465808693214E-001 
                 3.8752303676659379E+000                  2.4982359063888471E-007                  5.5375283920748486E-001                  1.0014746296668701E-005                  1.7353208974485599E+002                  4.9105611535797405E-001                  9.6651821093363488E-001                  8.8346894362432309E+000                  8.8410035601750412E+000                 -6.6023665539500733E+000                  2.2393797967607196E+000                  3.8741436007453522E+000                 -1.2409041492973516E+000                 -2.5668403404384899E-001 
                 3.8775050777489914E+000                  2.5367954699920864E-007                  5.5777954566420074E-001                  1.0014746296668701E-005                  1.7356793224332364E+002                  4.9528193859736713E-001                  9.6651821093363488E-001                  8.8385491091936927E+000                  8.8449875676555223E+000                 -6.5957145465088747E+000                  2.2394694894953595E+000                  3.8741102631279931E+000                 -1.2432810576635094E+000                 -2.5353741579253014E-001 
                 3.8797912949687370E+000                  2.5761907344200384E-007                  5.6182432596918219E-001                  1.0014746296668701E-005                  1.7360956623369890E+002                  4.9743705136788136E-001                  9.6523786579068005E-001                  8.8424117012508976E+000                  8.8489716229780786E+000                 -6.5890219860949824E+000                  2.2395736519865332E+000                  3.8740757087547473E+000                 -1.2456634302469618E+000                 -2.5039946056793166E-001 
                 3.8820923092792912E+000                  2.6157415101301556E-007                  5.6588927115499965E-001                  1.0014746296668701E-005                  1.7364504466033944E+002                  5.0170693353965889E-001                  9.6523786579068005E-001                  8.8462799287948322E+000                  8.8529707832650804E+000                 -6.5824051755888897E+000                  2.2396623942746188E+000                  3.8740390394438813E+000                 -1.2480558651405216E+000                 -2.4726853989105596E-001 
                 3.8844038230418234E+000                  2.6561353288746263E-007                  5.6997239133696775E-001                  1.0014746296668701E-005                  1.7368609781831535E+002                  5.0495745145866122E-001                  9.6459769321920252E-001                  8.8501460984261247E+000                  8.8569605888985876E+000                 -6.5757498016360039E+000                  2.2397650580340485E+000                  3.8740006789245318E+000                 -1.2504524452151944E+000                 -2.4414618043347236E-001 
                 3.8867240442139761E+000                  2.6970062425861427E-007                  5.7406095507386079E-001                  1.0014746296668701E-005                  1.7372843265738371E+002                  5.0821938080405693E-001                  9.6395752064772511E-001                  8.8540073187611945E+000                  8.8609560334631539E+000                 -6.5691180483125597E+000                  2.2398709015461202E+000                  3.8739611823004405E+000                 -1.2528496298963945E+000                 -2.4104199079589414E-001 
                 3.8890552893255919E+000                  2.7383878136094106E-007                  5.7815190627545954E-001                  1.0014746296668701E-005                  1.7377295071488709E+002                  5.1097637954317110E-001                  9.6299726179050893E-001                  8.8578576150518398E+000                  8.8649201822809029E+000                 -6.5625050465659003E+000                  2.2399821756189167E+000                  3.8739204543402468E+000                 -1.2552442417601957E+000                 -2.3795803806815707E-001 
                 3.8914022037501046E+000                  2.7802180925200897E-007                  5.8225999776952009E-001                  1.0014746296668701E-005                  1.7381636260111711E+002                  5.1529356253642011E-001                  9.6299726179050893E-001                  8.8617112987211470E+000                  8.8689155647627178E+000                 -6.5559211347787079E+000                  2.2400906573418826E+000                  3.8738780013239937E+000                 -1.2576463371164606E+000                 -2.3488304562049253E-001 
                 3.8937605780711819E+000                  2.8226233015950935E-007                  5.8637896602432271E-001                  1.0014746296668701E-005                  1.7386151405470517E+002                  5.1833297513546039E-001                  9.6218788782638420E-001                  8.8655601093775704E+000                  8.8728937180154350E+000                 -6.5493470775579139E+000                  2.2402034571603116E+000                  3.8738340344355757E+000                 -1.2600503751373471E+000                 -2.3182161664695353E-001 
                 3.8961298139335505E+000                  2.8656584779128031E-007                  5.9050158726780777E-001                  1.0014746296668701E-005                  1.7391017468390839E+002                  5.2072544589479053E-001                  9.6096279100945126E-001                  8.8693981664084056E+000                  8.8768468489470767E+000                 -6.5427755689965386E+000                  2.2403249913100125E+000                  3.8737887853004698E+000                 -1.2624521411412906E+000                 -2.2877893066566748E-001 
                 3.8985134567316400E+000                  2.9088219414036880E-007                  5.9462423686321708E-001                  1.0014746296668701E-005                  1.7395519354261464E+002                  5.2506242810417314E-001                  9.6096279100945126E-001                  8.8732292917925211E+000                  8.8807600352060767E+000                 -6.5362828625386378E+000                  2.2404373990628179E+000                  3.8737423805642082E+000                 -1.2648534592807281E+000                 -2.2575739294232805E-001 
                 3.9009153755476511E+000                  2.9529712500374278E-007                  5.9876268295852575E-001                  1.0014746296668701E-005                  1.7400705629523904E+002                  5.2710171948783602E-001                  9.5949117273235751E-001                  8.8770577821378467E+000                  8.8847350327744472E+000                 -6.5297407812810713E+000                  2.2405668600449946E+000                  3.8736945012092843E+000                 -1.2672579262028822E+000                 -2.2274527427789814E-001 
                 3.9033350998477259E+000                  2.9970451516061771E-007                  6.0290081706915510E-001                  1.0014746296668701E-005                  1.7405231477728336E+002                  5.3145871063493966E-001                  9.5949117273235762E-001                  8.8808810474383737E+000                  8.8886888656373593E+000                 -6.5233067141962628E+000                  2.2406798034599595E+000                  3.8736453534673738E+000                 -1.2696633395840653E+000                 -2.1975412756542373E-001 
                 3.9057742950735821E+000                  3.0419631052339383E-007                  6.0704913138881322E-001                  1.0014746296668701E-005                  1.7410289104877705E+002                  5.3467611671632231E-001                  9.5875536359381064E-001                  8.8846986287641272E+000                  8.8926355340921059E+000                 -6.5168460576368927E+000                  2.2408059828037166E+000                  3.8735949344784744E+000                 -1.2720694479403716E+000                 -2.1677615797325320E-001 
                 3.9082330914391257E+000                  3.0876514223627940E-007                  6.1120305824264876E-001                  1.0014746296668701E-005                  1.7415811890305943E+002                  5.3676382670495204E-001                  9.5728374531671678E-001                  8.8885077324650741E+000                  8.8965736188657925E+000                 -6.5103717348548527E+000                  2.2409437251985280E+000                  3.8735433077481423E+000                 -1.2744744091653142E+000                 -2.1381448137185632E-001 
                 3.9107164479117458E+000                  3.1333046068541063E-007                  6.1534893693133508E-001                  1.0014746296668701E-005                  1.7420850155923688E+002                  5.4113114950093333E-001                  9.5728374531671678E-001                  8.8923073639395032E+000                  8.9005008253639115E+000                 -6.5039973827610069E+000                  2.2410693452097288E+000                  3.8734908885728450E+000                 -1.2768762495116639E+000                 -2.1087854534733425E-001 
                 3.9132293397963562E+000                  3.1799321262879396E-007                  6.1951960458214894E-001                  1.0014746296668701E-005                  1.7426346845547880E+002                  5.4325835896587982E-001                  9.5581212703962304E-001                  8.8961154227926631E+000                  8.9044377383011870E+000                 -6.4975821496675161E+000                  2.2412063537607931E+000                  3.8734369448556438E+000                 -1.2792879239000243E+000                 -2.0794494590271781E-001 
                 3.9157702989100156E+000                  3.2268786595734239E-007                  6.2369169028544658E-001                  1.0014746296668701E-005                  1.7431714248466929E+002                  5.4765483819910177E-001                  9.5581212703962304E-001                  8.8999178595926747E+000                  8.9083679244021159E+000                 -6.4912173650790432E+000                  2.2413400980584663E+000                  3.8733818662478607E+000                 -1.2816998984962851E+000                 -2.0503004220382726E-001 
                 3.9183401918735985E+000                  3.2743613839216391E-007                  6.2787260728853345E-001                  1.0014746296668701E-005                  1.7437141934092747E+002                  5.5093598339885808E-001                  9.5507631790107606E-001                  8.9037177360334692E+000                  8.9122948617141819E+000                 -6.4848733901709457E+000                  2.2414753026079297E+000                  3.8733256066409547E+000                 -1.2841141282095636E+000                 -2.0212846384870595E-001 
                 3.9209393013501006E+000                  3.3224752103523862E-007                  6.3205643306534320E-001                  1.0014746296668701E-005                  1.7442829175128378E+002                  5.5422438892983972E-001                  9.5434050876252929E-001                  8.9075072009743792E+000                  8.9162156567044768E+000                 -6.4785382507305513E+000                  2.2416169275775455E+000                  3.8732679778270898E+000                 -1.2865266617733764E+000                 -1.9924414406774013E-001 
                 3.9235708754058001E+000                  3.3711938378234232E-007                  6.3624053942858205E-001                  1.0014746296668701E-005                  1.7448764473991744E+002                  5.5640364921635688E-001                  9.5286889048543577E-001                  8.9112896582003032E+000                  8.9201249763509747E+000                 -6.4722162755784431E+000                  2.2417646805037030E+000                  3.8732096407326799E+000                 -1.2889372645465560E+000                 -1.9637866234400095E-001 
                 3.9262418963888308E+000                  3.4203563839637957E-007                  6.4042894772282000E-001                  1.0014746296668701E-005                  1.7454675576243858E+002                  5.6082060424838365E-001                  9.5286889048543555E-001                  8.9150682213177959E+000                  8.9240298127185032E+000                 -6.4659286402815210E+000                  2.2419117811418015E+000                  3.8731501756106796E+000                 -1.2913491838716793E+000                 -1.9352904597173642E-001 
                 3.9289619910062035E+000                  3.4701138648197909E-007                  6.4463441367527008E-001                  1.0014746296668701E-005                  1.7460577607209586E+002                  5.6525609956194234E-001                  9.5286889048543566E-001                  8.9188549095758702E+000                  8.9279419893590379E+000                 -6.4596562744737964E+000                  2.2420586063495787E+000                  3.8730894462100505E+000                 -1.2937699182223097E+000                 -1.9068651348342835E-001 
                 3.9317346013456254E+000                  3.5206427677062808E-007                  6.4885562181515477E-001                  1.0014746296668701E-005                  1.7466700456696418E+002                  5.6749546590689914E-001                  9.5139727220834203E-001                  8.9226485632006902E+000                  8.9318633680583321E+000                 -6.4533780396514064E+000                  2.2422108724129033E+000                  3.8730275650199317E+000                 -1.2961984119720604E+000                 -1.8785192819888366E-001 
                 3.9345522601644780E+000                  3.5715333940866786E-007                  6.5307445997940861E-001                  1.0014746296668701E-005                  1.7472769470685930E+002                  5.7194736331969087E-001                  9.5139727220834225E-001                  8.9264302554401525E+000                  8.9357740497653779E+000                 -6.4471452848367168E+000                  2.2423617470268913E+000                  3.8729645446694843E+000                 -1.2986235600934533E+000                 -1.8503730001951424E-001 
                 3.9374231270028317E+000                  3.6232273763188431E-007                  6.5730464947691569E-001                  1.0014746296668701E-005                  1.7479136075390966E+002                  5.7421309486262595E-001                  9.4992565393124850E-001                  8.9302091529511092E+000                  8.9396840603756011E+000                 -6.4409044108779545E+000                  2.2425199633594701E+000                  3.8729000603398154E+000                 -1.3010518346480564E+000                 -1.8223329570529084E-001 
                 3.9403487071765726E+000                  3.6752473973980931E-007                  6.6152845875216615E-001                  1.0014746296668701E-005                  1.7485449322811630E+002                  5.7867177452978980E-001                  9.4992565393124850E-001                  8.9339787353405971E+000                  8.9435825346590629E+000                 -6.4347134212849557E+000                  2.2426767968344157E+000                  3.8728348433463085E+000                 -1.3034769465274485E+000                 -1.7945146785868232E-001 
                 3.9433361379137479E+000                  3.7280169950172792E-007                  6.6576134656556618E-001                  1.0014746296668701E-005                  1.7492005317212119E+002                  5.8095677095179943E-001                  9.4845403565415476E-001                  8.9377436635962368E+000                  8.9474771724764910E+000                 -6.4285221164829158E+000                  2.2428396006797819E+000                  3.8727683323444362E+000                 -1.3059035358874831E+000                 -1.7668142314839494E-001 
                 3.9463876227672148E+000                  3.7811133291243210E-007                  6.6998681820760808E-001                  1.0014746296668701E-005                  1.7498515749904647E+002                  5.8541888734685343E-001                  9.4845403565415476E-001                  8.9414998949807440E+000                  8.9513581287503659E+000                 -6.4223803055849036E+000                  2.2430012127453560E+000                  3.8727012625869128E+000                 -1.3083267440229271E+000                 -1.7393374183053731E-001 
                 3.9495125526478030E+000                  3.8348404355084532E-007                  6.7421287432003241E-001                  1.0014746296668701E-005                  1.7505226001900965E+002                  5.8771250875396475E-001                  9.4698241737706101E-001                  8.9452462077955897E+000                  8.9552344945744373E+000                 -6.4162527019679025E+000                  2.2431677221031747E+000                  3.8726331203718867E+000                 -1.3107476129403786E+000                 -1.7120295873767422E-001 
                 3.9527186619203913E+000                  3.8890073399331708E-007                  6.7843764996371614E-001                  1.0014746296668701E-005                  1.7511935072413203E+002                  5.9217536118239011E-001                  9.4698241737706113E-001                  8.9489884947463061E+000                  8.9590949637730510E+000                 -6.4101612371843819E+000                  2.2433341383641348E+000                  3.8725642967205514E+000                 -1.3131682579115800E+000                 -1.6849005886783366E-001 
                 3.9560111761849859E+000                  3.9438385900734789E-007                  6.8266822888060197E-001                  1.0014746296668701E-005                  1.7518800038837327E+002                  5.9448901334010196E-001                  9.4551079909996738E-001                  8.9527222357292118E+000                  8.9629700206304967E+000                 -6.4040808677863224E+000                  2.2435043555686378E+000                  3.8724940145517524E+000                 -1.3155886977056801E+000                 -1.6579030857780966E-001 
                 3.9593934501592880E+000                  3.9989779978388048E-007                  6.8688261484196733E-001                  1.0014746296668701E-005                  1.7525701469115100E+002                  5.9679828052647577E-001                  9.4403918082287375E-001                  8.9564374557542727E+000                  8.9668143505614299E+000                 -6.3980509853247129E+000                  2.2436754096843159E+000                  3.8724232759422166E+000                 -1.3179996937070679E+000                 -1.6311747557836237E-001 
                 3.9628815965221147E+000                  4.0546706783054147E-007                  6.9109919719506430E-001                  1.0014746296668701E-005                  1.7532672503641189E+002                  6.0125592961962138E-001                  9.4403918082287375E-001                  8.9601463476887755E+000                  8.9706306490051730E+000                 -6.3920444135620089E+000                  2.2438481205969900E+000                  3.8723514911435748E+000                 -1.3204103873278605E+000                 -1.6045961152235819E-001 
                 3.9664843232316414E+000                  4.1108849071693063E-007                  6.9531023876017450E-001                  1.0014746296668701E-005                  1.7539771667153258E+002                  6.0357530986863639E-001                  9.4256756254578011E-001                  8.9638429304604887E+000                  8.9744776672250097E+000                 -6.3860646820328277E+000                  2.2440239354096607E+000                  3.8722788517499751E+000                 -1.3228166389475808E+000                 -1.5782137538310886E-001 
                 3.9702129702700515E+000                  4.1674398231629280E-007                  6.9951103859986319E-001                  1.0014746296668701E-005                  1.7546862240507076E+002                  6.0801785089087224E-001                  9.4256756254578000E-001                  8.9675232529297890E+000                  8.9782927557007923E+000                 -6.3801306625634160E+000                  2.2441994664630429E+000                  3.8722054309537035E+000                 -1.3252158996374399E+000                 -1.5520542775516633E-001 
                 3.9740811879297127E+000                  4.2245733029854332E-007                  7.0370361415554505E-001                  1.0014746296668701E-005                  1.7554167580449280E+002                  6.1033043180609459E-001                  9.4109594426868637E-001                  8.9711858221931156E+000                  8.9820871854509026E+000                 -6.3742171497952711E+000                  2.2443802400131374E+000                  3.8721313502864056E+000                 -1.3276068895398221E+000                 -1.5261021847128403E-001 
                 3.9781059606719698E+000                  4.2818614303890423E-007                  7.0787958107892845E-001                  1.0014746296668701E-005                  1.7561349160614151E+002                  6.1474828082173427E-001                  9.4109594426868637E-001                  8.9748335413484703E+000                  8.9858603126370440E+000                 -6.3683673914533410E+000                  2.2445578777616575E+000                  3.8720567283967147E+000                 -1.3299909020132954E+000                 -1.5004061479735922E-001 
                 3.9823056102654948E+000                  4.3396346100650882E-007                  7.1203739790370757E-001                  1.0014746296668701E-005                  1.7568767966281686E+002                  6.1703674097155581E-001                  9.3962432599159273E-001                  8.9784555885290960E+000                  8.9896213023556157E+000                 -6.3625468358130348E+000                  2.2447413070636988E+000                  3.8719815485557403E+000                 -1.3323616890658683E+000                 -1.4749719558128832E-001 
                 3.9867036145651862E+000                  4.3972519702822904E-007                  7.1616015325667470E-001                  1.0014746296668701E-005                  1.7575985254347597E+002                  6.2139981030629399E-001                  9.3962432599159273E-001                  8.9820490046955168E+000                  8.9933291709296590E+000                 -6.3568186478285771E+000                  2.2449196795440205E+000                  3.8719067227317518E+000                 -1.3347143971273148E+000                 -1.4498984654970282E-001 
                 3.9913459286362061E+000                  4.4559003089539060E-007                  7.2028946565699814E-001                  1.0014746296668701E-005                  1.7583679252845579E+002                  6.2262261904595684E-001                  9.3741689857595323E-001                  8.9856320173801709E+000                  8.9970366353493230E+000                 -6.3510645341169862E+000                  2.2451097530969291E+000                  3.8718304155096068E+000                 -1.3370659739499038E+000                 -1.4249293679972436E-001 
                 3.9962565678049793E+000                  4.5142776705845471E-007                  7.2438846696198933E-001                  1.0014746296668701E-005                  1.7591007824966192E+002                  6.2696245197086287E-001                  9.3741689857595312E-001                  8.9891879943652597E+000                  9.0007447593686063E+000                 -6.3454117312365801E+000                  2.2452907217846172E+000                  3.8717538188137279E+000                 -1.3394026302636604E+000                 -1.4002847273489746E-001 
                 4.0014720168608005E+000                  4.5724956385234877E-007                  7.2845683281989349E-001                  1.0014746296668701E-005                  1.7598102080869637E+002                  6.3127176587120681E-001                  9.3741689857595312E-001                  8.9927145491670046E+000                  9.0044016012481034E+000                 -6.3398467001032861E+000                  2.2454658325624322E+000                  3.8716769553244665E+000                 -1.3417229043841878E+000                 -1.3759617872388133E-001 
                 4.0070445265473946E+000                  4.6314701544550094E-007                  7.3249135228434281E-001                  1.0014746296668701E-005                  1.7605885973232520E+002                  6.3241859043259385E-001                  9.3520947116031283E-001                  8.9962037497606673E+000                  9.0079977839775296E+000                 -6.3342811302301696E+000                  2.2456578847579909E+000                  3.8716006401192411E+000                 -1.3440193690009348E+000                 -1.3519749817844040E-001 
                 4.0130517376374835E+000                  4.6898994465853760E-007                  7.3647531548138534E-001                  1.0014746296668701E-005                  1.7613319109594832E+002                  6.3663729586887929E-001                  9.3520947116031283E-001                  8.9996478794238612E+000                  9.0115834375696391E+000                 -6.3288364686412608E+000                  2.2458412035010307E+000                  3.8715245511562153E+000                 -1.3462886447668456E+000                 -1.3284180487006489E-001 
                 4.0162501955634768E+000                  4.7189936658870713E-007                  7.3845578793367317E-001                  1.0014746296668701E-005                  1.7616901148342916E+002                  6.3873551580893762E-001                  9.3520947116031306E-001                  9.0013564255999459E+000                  9.0133518101557737E+000                 -6.3261506055924475E+000                  2.2459295174315841E+000                  3.8714860968229599E+000                 -1.3474167697934858E+000                 -1.3167550120676530E-001 
