                           1                            2                            3                            4                            5 
              version_number                 initial_mass                    initial_z                    burn_min1                    burn_min2 
                       10398      1.5173858025255599E-005      2.0000000000000000E-002      5.0000000000000000E+001      1.0000000000000000E+003 

                                       1                                        2                                        3                                        4                                        5                                        6                                        7                                        8                                        9                                       10                                       11                                       12                                       13                                       14 
                            log_star_age                               luminosity                                   radius                                star_mass                 surface_cell_temperature                           conv_mx1_top_r                             conv_mx1_top                           center_entropy                              max_entropy                                    log_L                                 log_Teff                             log_center_T                           log_center_Rho                                    log_R 
                 3.3114739744016055E+000                  8.9806062471232153E-009                  3.2581857413921569E-002                  1.5173858025255599E-005                  3.1150707359850395E+002                  3.2191443923322335E-002                  9.9992868339965468E-001                  8.2918788900798237E+000                  8.3025387035714289E+000                 -8.0466943447477028E+000                  2.4934679126543804E+000                  3.8166937774957499E+000                 -1.1043303135282163E+000                 -1.4870241612299864E+000 
                 3.3260853391317440E+000                  8.9635067619996717E-009                  3.2572036185904804E-002                  1.5173858025255599E-005                  3.1140562408848274E+002                  3.2181730546467460E-002                  9.9992868339965468E-001                  8.2911575659949985E+000                  8.3019381873553755E+000                 -8.0475220495527964E+000                  2.4933264515378450E+000                  3.8166020334258448E+000                 -1.1041884829048243E+000                 -1.4871550913994616E+000 
                 3.3462979571617955E+000                  8.9389920173490006E-009                  3.2557938018218664E-002                  1.5173858025255599E-005                  3.1125985430441159E+002                  3.2167787542395770E-002                  9.9992868339965468E-001                  8.2902032203376539E+000                  8.3010750454131106E+000                 -8.0487114505534976E+000                  2.4931231095626840E+000                  3.8164822490618771E+000                 -1.1039953199530987E+000                 -1.4873431079494905E+000 
                 3.3738447935458744E+000                  8.9039154885209311E-009                  3.2537729118921069E-002                  1.5173858025255599E-005                  3.1105060913749981E+002                  3.2147801775844677E-002                  9.9992868339965468E-001                  8.2888565843253303E+000                  8.2998354702868724E+000                 -8.0504189707581624E+000                  2.4928310559004041E+000                  3.8163136624614240E+000                 -1.1037211685130337E+000                 -1.4876127607272631E+000 
                 3.4106737165213032E+000                  8.8538664896263113E-009                  3.2508818435819035E-002                  1.5173858025255599E-005                  3.1075066610068046E+002                  3.2119211778027498E-002                  9.9992868339965468E-001                  8.2869306685405757E+000                  8.2980573812024989E+000                 -8.0528670311775610E+000                  2.4924120679651436E+000                  3.8160725182163593E+000                 -1.1033290172269308E+000                 -1.4879988150664416E+000 
                 3.4587580083635467E+000                  8.7827367419043482E-009                  3.2467575800101220E-002                  1.5173858025255599E-005                  3.1032156244162468E+002                  3.2078429648888837E-002                  9.9992868339965468E-001                  8.2841764350839124E+000                  8.2955110425102134E+000                 -8.0563701348104058E+000                  2.4918119529600564E+000                  3.8157274091215210E+000                 -1.1027686638493992E+000                 -1.4885501368726897E+000 
                 3.4771212547196622E+000                  8.7537225268448971E-009                  3.2450699961278751E-002                  1.5173858025255599E-005                  3.1014556703677675E+002                  3.2061743279760531E-002                  9.9992868339965491E-001                  8.2830469832480222E+000                  8.2944657666041675E+000                 -8.0578072236550469E+000                  2.4915655778299914E+000                  3.8155857986807842E+000                 -1.1025390416852974E+000                 -1.4887759310348796E+000 
