                           1                            2                            3                            4                            5 
              version_number                 initial_mass                    initial_z                    burn_min1                    burn_min2 
                       10398      1.0000000000000000E+000      2.0000000000000000E-002      5.0000000000000000E+001      1.0000000000000000E+003 

                                       1                                        2                                        3                                        4                                        5                                        6                                        7                                        8                                        9                                       10                                       11                                       12                                       13                                       14 
                            log_star_age                               luminosity                                   radius                                star_mass                 surface_cell_temperature                           conv_mx1_top_r                             conv_mx1_top                           center_entropy                              max_entropy                                    log_L                                 log_Teff                             log_center_T                           log_center_Rho                                    log_R 
                 6.0000781659720159E+000                  1.6100756781610746E-007                  5.4446078518210504E-002                  4.0058985186674701E-005                  4.9585842077761424E+002                  4.7728403235774715E-002                  9.9821674404456029E-001                  8.0707690105187933E+000                  9.2780545891711377E+000                 -6.7931537104058322E+000                  2.6953576880576793E+000                  4.0345966570072624E+000                 -4.3671640422519220E-001                 -1.2640333948656484E+000 
                 6.0001198487386400E+000                  1.6217388694503685E-007                  5.4542015641103059E-002                  4.0058985186674701E-005                  4.9631689910625528E+002                  4.7666664273875003E-002                  9.9815396329696471E-001                  8.0707595515979573E+000                  9.2808063081979562E+000                 -6.7900190740993684E+000                  2.6957590579111961E+000                  4.0345948460263044E+000                 -4.3671543256680834E-001                 -1.2632688164194501E+000 
                 6.0002298720241445E+000                  1.6386701126552244E-007                  5.4681558470358299E-002                  4.0058985186674701E-005                  4.9697193542846117E+002                  4.7539476114818652E-002                  9.9802071556352179E-001                  8.0707367997618817E+000                  9.2847400792493318E+000                 -6.7855084672186861E+000                  2.6963318595067456E+000                  4.0345906177909887E+000                 -4.3671287335075604E-001                 -1.2621591161702075E+000 
                 6.0003882566038893E+000                  1.6485227328316903E-007                  5.4754955443680614E-002                  4.0058985186674701E-005                  4.9738357914806284E+002                  4.7451022811984316E-002                  9.9792467854217803E-001                  8.0707064233575192E+000                  9.2870794792601856E+000                 -6.7829050596368186E+000                  2.6966914383696419E+000                  4.0345851348165045E+000                 -4.3670917449748392E-001                 -1.2615765701050665E+000 
                 6.0006162289704505E+000                  1.6529118584579072E-007                  5.4785155795138589E-002                  4.0058985186674701E-005                  4.9757711349162167E+002                  4.7385892076986728E-002                  9.9785265077617025E-001                  8.0706643208749078E+000                  9.2881399229227473E+000                 -6.7817503045688809E+000                  2.6968603915788139E+000                  4.0345776498412400E+000                 -4.3670384843165688E-001                 -1.2613370989894410E+000 
                 6.0009442990871769E+000                  1.6544130606440733E-007                  5.4793985383208309E-002                  4.0058985186674701E-005                  4.9764995110588450E+002                  4.7385101379259366E-002                  9.9785265077617025E-001                  8.0706045958336521E+000                  9.2885170394990695E+000                 -6.7813560500662877E+000                  2.6969239609405609E+000                  4.0345670926640880E+000                 -4.3669618691949696E-001                 -1.2612671104616386E+000 
                 6.0014162850972825E+000                  1.6547253992684109E-007                  5.4794475167832750E-002                  4.0058985186674701E-005                  4.9767121317495514E+002                  4.7323300303348019E-002                  9.9778411554951163E-001                  8.0705189602108121E+000                  9.2886093618069179E+000                 -6.7812740668292122E+000                  2.6969425157538653E+000                  4.0345519778521259E+000                 -4.3668516139215796E-001                 -1.2612632284697092E+000 
                 6.0020950450682236E+000                  1.6546529871289385E-007                  5.4792104716968416E-002                  4.0058985186674701E-005                  4.9767653351133663E+002                  4.7321253083136242E-002                  9.9778411554951163E-001                  8.0703957851001658E+000                  9.2886113035364613E+000                 -6.7812930723274834E+000                  2.6969471585380642E+000                  4.0345302415757773E+000                 -4.3666929249872205E-001                 -1.2612820167872429E+000 
                 6.0030705995089830E+000                  1.6544474713811123E-007                  5.4788182458539746E-002                  4.0058985186674701E-005                  4.9767889268069194E+002                  4.7318297040556505E-002                  9.9778411554951163E-001                  8.0702185342121364E+000                  9.2885877964676116E+000                 -6.7813470171118491E+000                  2.6969492172473273E+000                  4.0344989603035959E+000                 -4.3664645554881526E-001                 -1.2613131065979526E+000 
                 6.0044715592272224E+000                  1.6541392685563790E-007                  5.4782487807004274E-002                  4.0058985186674701E-005                  4.9768157826601720E+002                  4.7314043626581745E-002                  9.9778411554951163E-001                  8.0699635153989675E+000                  9.2885505958931027E+000                 -6.7814279282663676E+000                  2.6969515607885479E+000                  4.0344539475516292E+000                 -4.3661359949819861E-001                 -1.2613582492576525E+000 
                 6.0064810347643673E+000                  1.6536951347638484E-007                  5.4774296203003114E-002                  4.0058985186674701E-005                  4.9768537896526379E+002                  4.7307927518712024E-002                  9.9778411554951163E-001                  8.0695967459492657E+000                  9.2884968154701433E+000                 -6.7815445513090982E+000                  2.6969548773978276E+000                  4.0343891952811051E+000                 -4.3656634705263991E-001                 -1.2614231939975775E+000 
                 6.0093584422376081E+000                  1.6530568167462955E-007                  5.4762524645052282E-002                  4.0058985186674701E-005                  4.9769082830627684E+002                  4.7299138643272093E-002                  9.9778411554951163E-001                  8.0690695447616498E+000                  9.2884194606181705E+000                 -6.7817122191597443E+000                  2.6969596326193828E+000                  4.0342960886711907E+000                 -4.3649842805708711E-001                 -1.2615165383660110E+000 
                 6.0134687013375823E+000                  1.6521402711958102E-007                  5.4745624080253484E-002                  4.0058985186674701E-005                  4.9769863186218424E+002                  4.7286520475404728E-002                  9.9778411554951163E-001                  8.0683123322877215E+000                  9.2883082773778867E+000                 -6.7819530826693031E+000                  2.6969664420928630E+000                  4.0341622974518518E+000                 -4.3640088159660961E-001                 -1.2616505890677510E+000 
                 6.0193199596220373E+000                  1.6508258719292767E-007                  5.4721391237286809E-002                  4.0058985186674701E-005                  4.9770977975558878E+002                  4.7268428192122694E-002                  9.9778411554951163E-001                  8.0672259868835532E+000                  9.2881486032333225E+000                 -6.7822987334291778E+000                  2.6969761696888304E+000                  4.0339702202956369E+000                 -4.3626094349807493E-001                 -1.2618428696396224E+000 
                 6.0276096437371303E+000                  1.6489442877202314E-007                  5.4686709451965736E-002                  4.0058985186674701E-005                  4.9772565013285862E+002                  4.7242535229104932E-002                  9.9778411554951163E-001                  8.0656699748390590E+000                  9.2879195585718275E+000                 -6.7827940174570065E+000                  2.6969900177246324E+000                  4.0336948270576070E+000                 -4.3606051779431415E-001                 -1.2621182077251412E+000 
                 6.0392754898946519E+000                  1.6462576307616300E-007                  5.4637204292100658E-002                  4.0058985186674701E-005                  4.9774813197172000E+002                  4.7205576392110565E-002                  9.9778411554951163E-001                  8.0634464245131348E+000                  9.2875915569483283E+000                 -6.7835021989762563E+000                  2.6970096339761902E+000                  4.0333007171617803E+000                 -4.3577412204565358E-001                 -1.2625115309878816E+000 
                 6.0555422147898046E+000                  1.6424353036065251E-007                  5.4566804384742658E-002                  4.0058985186674701E-005                  4.9777975608163041E+002                  4.7153020423061118E-002                  9.9778411554951163E-001                  8.0602795273735079E+000                  9.2871229705386487E+000                 -6.7845117285201209E+000                  2.6970372257037938E+000                  4.0327382121401607E+000                 -4.3536621584310276E-001                 -1.2630714792150211E+000 
                 6.0779451548479217E+000                  1.6370249759593100E-007                  5.4467217472354501E-002                  4.0058985186674701E-005                  4.9782379913373114E+002                  4.7078679726320058E-002                  9.9778411554951163E-001                  8.0557904758234891E+000                  9.2864558246967572E+000                 -6.7859446945412882E+000                  2.6970756499163206E+000                  4.0319383687069585E+000                 -4.3478790645430271E-001                 -1.2638648106506591E+000 
                 6.1083013736451539E+000                  1.6294214880892675E-007                  5.4327375821765167E-002                  4.0058985186674701E-005                  4.9788428553043985E+002                  4.6974298102109249E-002                  9.9778411554951163E-001                  8.0494702404159693E+000                  9.2855105579235193E+000                 -6.7879665607042385E+000                  2.6971284141552521E+000                  4.0308070103646161E+000                 -4.3397324295482970E-001                 -1.2649812722099962E+000 
                 6.1485933642568682E+000                  1.6188409885248946E-007                  5.4132987098342432E-002                  4.0058985186674701E-005                  4.9796575218369145E+002                  4.6829218836884803E-002                  9.9778411554951163E-001                  8.0406569123770524E+000                  9.2841802726772666E+000                 -6.7907958079468766E+000                  2.6971994700177850E+000                  4.0292183422806689E+000                 -4.3283578250993737E-001                 -1.2665380075563815E+000 
                 6.2007434502313421E+000                  1.6043147754156219E-007                  5.3866452204059757E-002                  4.0058985186674701E-005                  4.9807257915283975E+002                  4.6630329426115044E-002                  9.9778411554951163E-001                  8.0285313661904976E+000                  9.2823256646938113E+000                 -6.7947104167164394E+000                  2.6972926277308713E+000                  4.0270095643618795E+000                 -4.3126707433458744E-001                 -1.2686816273673358E+000 
                 6.2662995465265006E+000                  1.5847258647452517E-007                  5.3507550770975291E-002                  4.0058985186674701E-005                  4.9820768664748044E+002                  4.6362584489240619E-002                  9.9778411554951163E-001                  8.0121265703957327E+000                  9.2797730388259296E+000                 -6.8000458537776458E+000                  2.6974104186611951E+000                  4.0239791609893008E+000                 -4.2914034635118459E-001                 -1.2715849277585860E+000 
                 6.3461156771208698E+000                  1.5589284062303774E-007                  5.3035801859125424E-002                  4.0058985186674701E-005                  4.9836943188154322E+002                  4.5955812048796667E-002                  9.9771558032285301E-001                  7.9903533007166612E+000                  9.2763185575972962E+000                 -6.8071738293224104E+000                  2.6975513911835387E+000                  4.0198921684058400E+000                 -4.2632109382067790E-001                 -1.2754308605756552E+000 
                 6.4377534555292826E+000                  1.5260185047107173E-007                  5.2448616545811198E-002                  4.0058985186674701E-005                  4.9848529921883909E+002                  4.5519008437718521E-002                  9.9771558032285301E-001                  7.9627829680643334E+000                  9.2716124549653944E+000                 -6.8164402000344619E+000                  2.6976523496406521E+000                  4.0146381148712020E+000                 -4.2277459192310640E-001                 -1.2802659628459083E+000 
                 6.5276729496993715E+000                  1.4889755960145809E-007                  5.1825059128361280E-002                  4.0058985186674701E-005                  4.9840388128478065E+002                  4.5006398807206999E-002                  9.9764704509619451E-001                  7.9327738069891751E+000                  9.2657061085377084E+000                 -6.8271124201813747E+000                  2.6975814100497679E+000                  4.0088669153076726E+000                 -4.1895854266907195E-001                 -1.2854601937375962E+000 
                 6.6115731517649943E+000                  1.4520264105551848E-007                  5.1206995877111743E-002                  4.0058985186674701E-005                  4.9826273083297355E+002                  4.4549817745603203E-002                  9.9764704509619451E-001                  7.9018545559265636E+000                  9.2595321187929436E+000                 -6.8380254842873933E+000                  2.6974583980799030E+000                  4.0029195640103774E+000                 -4.1509302681524302E-001                 -1.2906707018508754E+000 
                 6.6898779329542712E+000                  1.4164040286607906E-007                  5.0603978979147854E-002                  4.0058985186674701E-005                  4.9811988514446728E+002                  4.4063745316315642E-002                  9.9758814741660451E-001                  7.8703960894244194E+000                  9.2534172674518871E+000                 -6.8488128466536446E+000                  2.6973338732344283E+000                  3.9968840371087229E+000                 -4.1123570421389249E-001                 -1.2958153333430524E+000 
                 6.7636530757715212E+000                  1.3822040791445849E-007                  5.0016629392166438E-002                  4.0058985186674701E-005                  4.9798384757934070E+002                  4.3583803716938214E-002                  9.9751604220853041E-001                  7.8385755562610928E+000                  9.2474057714511169E+000                 -6.8594278296803397E+000                  2.6972152501128397E+000                  3.9907807548519290E+000                 -4.0740616333826146E-001                 -1.3008855786132221E+000 
                 6.8338044392899997E+000                  1.3494314756856790E-007                  4.9446403380970463E-002                  4.0058985186674701E-005                  4.9785145409900571E+002                  4.3119235293671253E-002                  9.9744393700045630E-001                  7.8064708476456168E+000                  9.2415018315705133E+000                 -6.8698491640805468E+000                  2.6970997734620701E+000                  3.9846145960088837E+000                 -4.0360955632644302E-001                 -1.3058652925117871E+000 
                 6.9010587877937022E+000                  1.3180670093892232E-007                  4.8892014549478467E-002                  4.0058985186674701E-005                  4.9773116118962923E+002                  4.2670577728385173E-002                  9.9737357904245671E-001                  7.7741256090141633E+000                  9.2357324042559963E+000                 -6.8800625100240973E+000                  2.6969948245561874E+000                  3.9783838027341818E+000                 -3.9984293959467776E-001                 -1.3107620676717975E+000 
                 6.9659819593626269E+000                  1.2879917465333500E-007                  4.8352657740897642E-002                  4.0058985186674701E-005                  4.9761964828402819E+002                  4.2227575451759806E-002                  9.9728781565755031E-001                  7.7415531589934341E+000                  9.2300797628400186E+000                 -6.8900869199315693E+000                  2.6968975130413182E+000                  3.9720869326954116E+000                 -3.9611099563218599E-001                 -1.3155796495957945E+000 
                 7.0290069915626265E+000                  1.2591691074887802E-007                  4.7829325924843277E-002                  4.0058985186674701E-005                  4.9751171344166056E+002                  4.1844009506496117E-002                  9.9728781565755031E-001                  7.7087384732581157E+000                  9.2245355408208347E+000                 -6.8999159398545569E+000                  2.6968033031359520E+000                  3.9657264718221863E+000                 -3.9242193960108673E-001                 -1.3203057397465563E+000 
                 7.0904835208970072E+000                  1.2315428280340615E-007                  4.7320016806494052E-002                  4.0058985186674701E-005                  4.9741555279590335E+002                  4.1418017225874584E-002                  9.9718489959566270E-001                  7.6756156499377282E+000                  9.2191180865346354E+000                 -6.9095504805723849E+000                  2.6967193529817890E+000                  3.9593026797457718E+000                 -3.8877215307728219E-001                 -1.3249551097971433E+000 
                 7.1506800218316080E+000                  1.2050102317233712E-007                  4.6824486572205393E-002                  4.0058985186674701E-005                  4.9732535051138103E+002                  4.1006220182453132E-002                  9.9708198353377508E-001                  7.6421435549963794E+000                  9.2138040706592683E+000                 -6.9190092654856805E+000                  2.6966405898251748E+000                  3.9528137543538717E+000                 -3.8516254509277403E-001                 -1.3295269759405630E+000 
                 7.2098285691045660E+000                  1.1795341797845589E-007                  4.6343017282635381E-002                  4.0058985186674701E-005                  4.9723868062536786E+002                  4.0607857743504894E-002                  9.9697906747188747E-001                  7.6083576416609979E+000                  9.2085895030409599E+000                 -6.9282894698892346E+000                  2.6965648976310419E+000                  3.9462568466244727E+000                 -3.8160422867355959E-001                 -1.3340156937540748E+000 
                 7.2681165110090289E+000                  1.1550862368198293E-007                  4.5874421502892906E-002                  4.0058985186674701E-005                  4.9716177307617539E+002                  4.0218507635376585E-002                  9.9686763201041984E-001                  7.5743010950941860E+000                  9.2034918058842354E+000                 -6.9373855908567759E+000                  2.6964977201892455E+000                  3.9396338192920886E+000                 -3.7809311275494645E-001                 -1.3384293993542522E+000 
                 7.3256830149521646E+000                  1.1315758668911858E-007                  4.5418670569758297E-002                  4.0058985186674701E-005                  4.9708783690538934E+002                  3.9852127332666250E-002                  9.9678198250333483E-001                  7.5400169593272937E+000                  9.1984853302675393E+000                 -6.9463163233109739E+000                  2.6964331283865648E+000                  3.9329502251430659E+000                 -3.7462072790870249E-001                 -1.3427655819759896E+000 
                 7.3826359163908171E+000                  1.1089749928088736E-007                  4.4974956529594122E-002                  4.0058985186674701E-005                  4.9702071392496475E+002                  3.9500227345064927E-002                  9.9670496627365113E-001                  7.5055449265769614E+000                  9.1935809422838570E+000                 -6.9550782470046393E+000                  2.6963744803492555E+000                  3.9262083599192961E+000                 -3.7120620234556351E-001                 -1.3470292477482035E+000 
                 7.4390740405341385E+000                  1.0872498198966416E-007                  4.4544030804794257E-002                  4.0058985186674701E-005                  4.9695493314898840E+002                  3.9149303059766195E-002                  9.9660227796740619E-001                  7.4709077628688307E+000                  9.1887665211142409E+000                 -6.9636706556036714E+000                  2.6963169973581422E+000                  3.9194098939815025E+000                 -3.6785493862259405E-001                 -1.3512104860654928E+000 
                 7.4950762633975714E+000                  1.0663483629407564E-007                  4.4124166822845534E-002                  4.0058985186674701E-005                  4.9689650822965137E+002                  3.8756229725974492E-002                  9.9634555720179396E-001                  7.4361439828567226E+000                  9.1840521767547578E+000                 -6.9721008934449618E+000                  2.6962659359238685E+000                  3.9125640461030211E+000                 -3.6454882377924630E-001                 -1.3553234821175915E+000 
                 7.5506980964253962E+000                  1.0462035670048382E-007                  4.3714989028697637E-002                  4.0058985186674701E-005                  4.9684198667378593E+002                  3.8462944997415122E-002                  9.9634555720179396E-001                  7.4013226560160073E+000                  9.1794220009894651E+000                 -6.9803838035899082E+000                  2.6962182804648198E+000                  3.9056855775572261E+000                 -3.6129888384002246E-001                 -1.3593696262719670E+000 
                 7.6060056587846594E+000                  1.0267962990343763E-007                  4.3316708069467864E-002                  4.0058985186674701E-005                  4.9678992449991472E+002                  3.8097240808348878E-002                  9.9608883643618162E-001                  7.3664148545894035E+000                  9.1748747800433250E+000                 -6.9885157053607854E+000                  2.6961727697745332E+000                  3.8987767644160369E+000                 -3.5812349214659966E-001                 -1.3633445557768324E+000 
                 7.6611242645482944E+000                  1.0081425651407373E-007                  4.2930725581112966E-002                  4.0058985186674701E-005                  4.9673618954700333E+002                  3.7763526205156925E-002                  9.9589091791260875E-001                  7.3313000869476896E+000                  9.1704111395358545E+000                 -6.9964780483707552E+000                  2.6961257918122534E+000                  3.8918248055699851E+000                 -3.5501096879602045E-001                 -1.3672317713572582E+000 
                 7.7161645647966086E+000                  9.9022328834665376E-008                  4.2555355031732474E-002                  4.0058985186674701E-005                  4.9669021365794669E+002                  3.7322312610915044E-002                  9.9523580152378999E-001                  7.2958891748309380E+000                  9.1660554133478929E+000                 -7.0042668640260333E+000                  2.6960855931658028E+000                  3.8848089108876991E+000                 -3.5193777906250728E-001                 -1.3710457818919952E+000 
                 7.7712791233721585E+000                  9.7298336578798421E-008                  4.2190298748623511E-002                  4.0058985186674701E-005                  4.9664890470108975E+002                  3.6854018044638767E-002                  9.9432379246603453E-001                  7.2598508637351351E+000                  9.1617938319806473E+000                 -7.0118945844060994E+000                  2.6960494718133301E+000                  3.8776668078251184E+000                 -3.4888417775256347E-001                 -1.3747873993770829E+000 
                 7.8266304341907915E+000                  9.5635192275132531E-008                  4.1832617418320374E-002                  4.0058985186674701E-005                  4.9662244435193378E+002                  3.6365267746647265E-002                  9.9311510877732279E-001                  7.2226145813759253E+000                  9.1576389032913390E+000                 -7.0193822646439061E+000                  2.6960263326991112E+000                  3.8703016590764574E+000                 -3.4582888001402567E-001                 -1.3784849612675485E+000 
                 7.8819913058363262E+000                  9.4009842792193998E-008                  4.1478907943184797E-002                  4.0058985186674701E-005                  4.9660273112585020E+002                  3.6025019018390281E-002                  9.9257165429881178E-001                  7.1841225325859908E+000                  9.1535189351044384E+000                 -7.0268266735646581E+000                  2.6960090929546130E+000                  3.8626978104342498E+000                 -3.4275641908201498E-001                 -1.3821726862389285E+000 
                 7.9368125418085862E+000                  9.2424593004500618E-008                  4.1132230330712449E-002                  4.0058985186674701E-005                  4.9657538315754329E+002                  3.5665620230514873E-002                  9.9182172155496706E-001                  7.1446641849893213E+000                  9.1494087586233910E+000                 -7.0342124531842707E+000                  2.6959851753876714E+000                  3.8549064147733536E+000                 -3.3968383920841771E-001                 -1.3858177409148511E+000 
                 7.9908472474567009E+000                  9.0885771876107460E-008                  4.0792647842761785E-002                  4.0058985186674701E-005                  4.9654939418451642E+002                  3.5312447739524619E-002                  9.9098846295069531E-001                  7.1042896941190739E+000                  9.1453490079380426E+000                 -7.0415041000491456E+000                  2.6959624451132354E+000                  3.8469488619286469E+000                 -3.3664816270668435E-001                 -1.3894181037984170E+000 
                 8.0440083895977725E+000                  8.9393564599107244E-008                  4.0461284909221344E-002                  4.0058985186674701E-005                  4.9651932738457685E+002                  3.4956870782599174E-002                  9.8998855262556928E-001                  7.0631888662468763E+000                  9.1413314239284826E+000                 -7.0486937447353393E+000                  2.6959361468769396E+000                  3.8388489318734744E+000                 -3.3363849465382750E-001                 -1.3929603296689224E+000 
                 8.0962804813790115E+000                  8.7952870537715439E-008                  4.0138348589028802E-002                  4.0058985186674701E-005                  4.9649191918219628E+002                  3.4663302738811838E-002                  9.8935418391076191E-001                  7.0217503580819516E+000                  9.1373892530951810E+000                 -7.0557499818080434E+000                  2.6959121725977440E+000                  3.8306757547257311E+000                 -3.3066897300786785E-001                 -1.3964404996468835E+000 
                 8.1476929600408692E+000                  8.6560182492620956E-008                  3.9823656277422424E-002                  4.0058985186674701E-005                  4.9646473579086842E+002                  3.4341264219786380E-002                  9.8834025462841524E-001                  6.9800521924753873E+000                  9.1335120511076671E+000                 -7.0626818366245807E+000                  2.6958883936527416E+000                  3.8224558673835309E+000                 -3.2776953775450290E-001                 -1.3998588691651463E+000 
                 8.1983193800389635E+000                  8.5214480509719882E-008                  3.9517733413911391E-002                  4.0058985186674701E-005                  4.9643428481153114E+002                  3.4036498583945522E-002                  9.8732809311497738E-001                  6.9382664201220274E+000                  9.1296933043951398E+000                 -7.0694865992343860E+000                  2.6958617548382136E+000                  3.8142123794224014E+000                 -3.2492213476237447E-001                 -1.4032079728409943E+000 
                 8.2482439432001993E+000                  8.3918500165291198E-008                  3.9220061593329275E-002                  4.0058985186674701E-005                  4.9640908769361511E+002                  3.3759440955459623E-002                  9.8645468496090383E-001                  6.8962351784241855E+000                  9.1259653912339083E+000                 -7.0761422866800672E+000                  2.6958397108702452E+000                  3.8059142779846162E+000                 -3.2212490998622850E-001                 -1.4064917286278975E+000 
                 8.2975246126711930E+000                  8.2666379909633717E-008                  3.8930405148390537E-002                  4.0058985186674701E-005                  4.9638334266663145E+002                  3.3447571377652828E-002                  9.8500984171185491E-001                  6.8537367023751719E+000                  9.1223026637592302E+000                 -7.0826710803919903E+000                  2.6958171864080120E+000                  3.7975172569822035E+000                 -3.1937861934587680E-001                 -1.4097110765593930E+000 
                 8.3462220844455821E+000                  8.1457114094511145E-008                  3.8648410836027408E-002                  4.0058985186674701E-005                  4.9635895976281233E+002                  3.3190438597417139E-002                  9.8404661287915551E-001                  6.8107756119984568E+000                  9.1187109270155755E+000                 -7.0890709803908347E+000                  2.6957958525827164E+000                  3.7890096909523723E+000                 -3.1666713244790767E-001                 -1.4128683589082232E+000 
                 8.3943743200303977E+000                  8.0289194459038416E-008                  3.8374126076823799E-002                  4.0058985186674701E-005                  4.9633449302299647E+002                  3.2911450980471470E-002                  9.8261340757701643E-001                  6.7673963600592018E+000                  9.1151864684229924E+000                 -7.0953428993363064E+000                  2.6957744443526743E+000                  3.7804014494519778E+000                 -3.1399591820129152E-001                 -1.4159615019208749E+000 
                 8.4420528599437841E+000                  7.9162210371157647E-008                  3.8108237511357612E-002                  4.0058985186674701E-005                  4.9630594597444519E+002                  3.2624970088456030E-002                  9.8082901839296666E-001                  6.7235226435740429E+000                  9.1117226688801054E+000                 -7.1014820879043130E+000                  2.6957494645929909E+000                  3.7716737817610206E+000                 -3.1136460117018522E-001                 -1.4189811366855114E+000 
                 8.4893124909952533E+000                  7.8079548571855259E-008                  3.7850320784655327E-002                  4.0058985186674701E-005                  4.9628251376479045E+002                  3.2374310427042474E-002                  9.7936650985929363E-001                  6.6791919343648081E+000                  9.1083557483543842E+000                 -7.1074627062701419E+000                  2.6957289593917846E+000                  3.7628242201758302E+000                 -3.0876205591833905E-001                 -1.4219304354660132E+000 
                 8.5361881170144311E+000                  7.7034439717394255E-008                  3.7599570845273683E-002                  4.0058985186674701E-005                  4.9625994206376077E+002                  3.2135947594060001E-002                  9.7790400132562061E-001                  6.6343996645313394E+000                  9.1050590879507869E+000                 -7.1133150717713791E+000                  2.6957092062849726E+000                  3.7538539357456120E+000                 -3.0619215952493173E-001                 -1.4248171120030082E+000 
                 8.5827122160103340E+000                  7.6025362646125914E-008                  3.7355861677051308E-002                  4.0058985186674701E-005                  4.9623761231492102E+002                  3.1875948549563216E-002                  9.7579856285433675E-001                  6.5891838341813180E+000                  9.1018301214854507E+000                 -7.1190414995648128E+000                  2.6956896640310282E+000                  3.7447669233518788E+000                 -3.0366013982715795E-001                 -1.4276412413918365E+000 
                 8.6289244960485671E+000                  7.5051149841713156E-008                  3.7118845470037631E-002                  4.0058985186674701E-005                  4.9621688800623144E+002                  3.1664524611128245E-002                  9.7440671378404431E-001                  6.5436628405843162E+000                  9.0986718841381879E+000                 -7.1246426496420865E+000                  2.6956715259996740E+000                  3.7355809013102972E+000                 -3.0115947835502693E-001                 -1.4304055403677642E+000 
                 8.6748646900342052E+000                  7.4109847962329676E-008                  3.6888370086890956E-002                  4.0058985186674701E-005                  4.9619648180076888E+002                  3.1430764693299390E-002                  9.7231894017860565E-001                  6.5051130983412415E+000                  9.0955784111313474E+000                 -7.1301240776951680E+000                  2.6956536656308039E+000                  3.7263188727454333E+000                 -2.9869803378662962E-001                 -1.4331105336565648E+000 
                 8.7206141362504130E+000                  7.3200362774543467E-008                  3.6664811450814509E-002                  4.0058985186674701E-005                  4.9617286985097280E+002                  3.1187951676445433E-002                  9.6972068468472306E-001                  6.4886148190926409E+000                  9.0925409547187659E+000                 -7.1354867666111161E+000                  2.6956329985868601E+000                  3.7169464687550047E+000                 -2.9625462633121835E-001                 -1.4357505440266516E+000 
                 8.7662112859927657E+000                  7.2326167755956992E-008                  3.6448257013343470E-002                  4.0058985186674701E-005                  4.9615219262544878E+002                  3.0936866469241542E-002                  9.6654472132523228E-001                  6.4723085615510119E+000                  9.0895887902967747E+000                 -7.1407045456388571E+000                  2.6956148994071079E+000                  3.7074836655977466E+000                 -2.9384394378250139E-001                 -1.4383232351810171E+000 
                 8.8117268562929603E+000                  7.1481723848895499E-008                  3.6237308372158529E-002                  4.0058985186674701E-005                  4.9613540776885657E+002                  3.0737950989990461E-002                  9.6442741241890517E-001                  6.4562285050333612E+000                  9.0867090303023161E+000                 -7.1458049826208478E+000                  2.6956002066908393E+000                  3.6979093986466363E+000                 -2.9145534361921410E-001                 -1.4408440682394759E+000 
                 8.8571993068932375E+000                  7.0663635139773872E-008                  3.6032641054398851E-002                  4.0058985186674701E-005                  4.9611274072885260E+002                  3.0516451011856557E-002                  9.6137924578162492E-001                  6.4406971701167581E+000                  9.0838697150505396E+000                 -7.1508040249745228E+000                  2.6955803642781064E+000                  3.6881793532119627E+000                 -2.8908585021100214E-001                 -1.4433039045908473E+000 
                 8.9027593816435111E+000                  6.9881604080862883E-008                  3.5837382086292224E-002                  4.0058985186674701E-005                  4.9608033586052323E+002                  3.0278330648183905E-002                  9.5734910272450746E-001                  6.4246616290087193E+000                  9.0810977598689693E+000                 -7.1556371346640386E+000                  2.6955519960491214E+000                  3.6783887688710726E+000                 -2.8677822128677671E-001                 -1.4456637229776355E+000 
                 8.9486663800433419E+000                  6.9138265091936164E-008                  3.5647628182796813E-002                  4.0058985186674701E-005                  4.9607088040296043E+002                  3.0060219941911787E-002                  9.5354986245959839E-001                  6.4138693023790747E+000                  9.0784838319288443E+000                 -7.1602815225438583E+000                  2.6955437179212378E+000                  3.6684378056992610E+000                 -2.8448875863930456E-001                 -1.4479693606617778E+000 
                 8.9948806445923726E+000                  6.8405189055454235E-008                  3.5458475493504206E-002                  4.0058985186674701E-005                  4.9606851900457980E+002                  2.9827780552936393E-002                  9.4897398922261833E-001                  6.3929430270627350E+000                  9.0758934254222066E+000                 -7.1649109524805796E+000                  2.6955416503309020E+000                  3.6583495530537129E+000                 -2.8211019665129050E-001                 -1.4502799404494671E+000 
                 9.0412033137250916E+000                  6.7688488684390353E-008                  3.5278609511866274E-002                  4.0058985186674701E-005                  4.9602367995722506E+002                  2.9650058636985908E-002                  9.4592340706463152E-001                  6.3500348455617726E+000                  9.0732309556396142E+000                 -7.1694851825101722E+000                  2.6955023929463211E+000                  3.6480949410424359E+000                 -2.7982543844999913E-001                 -1.4524885406951018E+000 
                 9.0880778618089906E+000                  6.7032399486905236E-008                  3.5108748352835457E-002                  4.0058985186674701E-005                  4.9601287943959932E+002                  2.9399608112511279E-002                  9.3944091997890955E-001                  6.3015238741711839E+000                  9.0708403541508176E+000                 -7.1737152343542823E+000                  2.6954929361916844E+000                  3.6378152399767916E+000                 -2.7765798757562415E-001                 -1.4545846531078832E+000 
                 9.1355251847438321E+000                  6.6381171510139332E-008                  3.4939603283770000E-002                  4.0058985186674701E-005                  4.9600000306034860E+002                  2.9213446082100778E-002                  9.3524636951167728E-001                  6.2526479027299464E+000                  9.0684378757613597E+000                 -7.1779550873311591E+000                  2.6954816616202635E+000                  3.6274174840725228E+000                 -2.7544662164088035E-001                 -1.4566820304534798E+000 
                 9.1832456460057603E+000                  6.5750792353250198E-008                  3.4775358295546996E-002                  4.0058985186674701E-005                  4.9598538223042908E+002                  2.9013947005795866E-002                  9.3005149286650068E-001                  6.2028827603548988E+000                  9.0660834917771975E+000                 -7.1820990091869366E+000                  2.6954688592865761E+000                  3.6168464701047895E+000                 -2.7324789956345835E-001                 -1.4587283867139940E+000 
                 9.2312821316056581E+000                  6.5140345499720369E-008                  3.4615866769186827E-002                  4.0058985186674701E-005                  4.9596878656454726E+002                  2.8763888298302238E-002                  9.2190709235738888E-001                  6.1547677346552954E+000                  9.0637750897112248E+000                 -7.1861499422982540E+000                  2.6954543273190446E+000                  3.6065914398802570E+000                 -2.7114163777007128E-001                 -1.4607247893345900E+000 
                 9.2797465455059758E+000                  6.4552787432370606E-008                  3.4462026742703558E-002                  4.0058985186674701E-005                  4.9594986794330015E+002                  2.8555858806637833E-002                  9.1514434079597007E-001                  6.1065542397447148E+000                  9.0615247459677093E+000                 -7.1900849998675787E+000                  2.6954377607038618E+000                  3.5962807692235801E+000                 -2.6907940784946333E-001                 -1.4626591848888864E+000 
                 9.3288494314123902E+000                  6.3989317575502682E-008                  3.4314191641202751E-002                  4.0058985186674701E-005                  4.9592890322617473E+002                  2.8317544919082963E-002                  9.0612733871407847E-001                  6.0587714798663246E+000                  9.0593397593319871E+000                 -7.1938925214104339E+000                  2.6954194016603328E+000                  3.5859784015618557E+000                 -2.6708913341075691E-001                 -1.4645262275732553E+000 
                 9.3787021289957675E+000                  6.3451202931011587E-008                  3.4172947540167010E-002                  4.0058985186674701E-005                  4.9590465158154689E+002                  2.8092932369758187E-002                  8.9711033663218687E-001                  6.0115346496380724E+000                  9.0572242042444184E+000                 -7.1975601399782869E+000                  2.6953981632906348E+000                  3.5756438814021472E+000                 -2.6517850761084483E-001                 -1.4663175601177869E+000 
                 9.4296139368108989E+000                  6.2942131779969148E-008                  3.4038086930504891E-002                  4.0058985186674701E-005                  4.9588643414945767E+002                  2.7832877104554239E-002                  8.8521355846618643E-001                  5.9638743102122591E+000                  9.0552169794591890E+000                 -7.2010585521028299E+000                  2.6953822086493373E+000                  3.5651301122047627E+000                 -2.6334486783120165E-001                 -1.4680348568974626E+000 
                 9.4823757291959332E+000                  6.2452983724719790E-008                  3.3907880033013961E-002                  4.0058985186674701E-005                  4.9586952267789513E+002                  2.7588240225365383E-002                  8.7340784479259415E-001                  5.9163571805345292E+000                  9.0532737572772319E+000                 -7.2044468081429009E+000                  2.6953673972193370E+000                  3.5544329517941269E+000                 -2.6159705723073234E-001                 -1.4696993620574976E+000 
                 9.5370046263070432E+000                  6.1985032397171425E-008                  3.3783368996415750E-002                  4.0058985186674701E-005                  4.9584925755794171E+002                  2.7330989617936938E-002                  8.5991560059420391E-001                  5.8689997001664835E+000                  9.0513900558670457E+000                 -7.2077131674707147E+000                  2.6953496479744743E+000                  3.5435908673181187E+000                 -2.5997237933375500E-001                 -1.4712970432316790E+000 
                 9.5938808086285690E+000                  6.1541316611112344E-008                  3.3665431530481717E-002                  4.0058985186674701E-005                  4.9582570801173915E+002                  2.7074781523673937E-002                  8.4558569883025803E-001                  5.8221033615609485E+000                  9.0495798489699144E+000                 -7.2108332167199478E+000                  2.6953290211881460E+000                  3.5325934642361401E+000                 -2.5848045920614476E-001                 -1.4728158142836389E+000 
                 9.6535521495721159E+000                  6.1122425224309296E-008                  3.3553447139025590E-002                  4.0058985186674701E-005                  4.9580512337896664E+002                  2.6755856431975249E-002                  8.2573404558132024E-001                  5.7756441459929038E+000                  9.0478624846269717E+000                 -7.2137994220920696E+000                  2.6953109905170640E+000                  3.5214735438151723E+000                 -2.5712254365809040E-001                 -1.4742628556275363E+000 
                 9.6989700043360187E+000                  6.0726460660593172E-008                  3.3472874187969626E-002                  4.0058985186674701E-005                  4.9559558394767703E+002                  2.6528325834241310E-002                  8.1084530564461699E-001                  5.7419934584306267E+000                  9.0457701027136466E+000                 -7.2166220302617141E+000                  2.6951274080765191E+000                  3.5133191115622404E+000                 -2.5619398617941702E-001                 -1.4753069948312680E+000 
