                           1                            2                            3                            4                            5 
              version_number                 initial_mass                    initial_z                    burn_min1                    burn_min2 
                       10398      3.0347716050511100E-005      2.0000000000000000E-002      5.0000000000000000E+001      1.0000000000000000E+003 

                                       1                                        2                                        3                                        4                                        5                                        6                                        7                                        8                                        9                                       10                                       11                                       12                                       13                                       14 
                            log_star_age                               luminosity                                   radius                                star_mass                 surface_cell_temperature                           conv_mx1_top_r                             conv_mx1_top                           center_entropy                              max_entropy                                    log_L                                 log_Teff                             log_center_T                           log_center_Rho                                    log_R 
                 3.3114739744016055E+000                  1.4689558238967062E-008                  3.0607428768917332E-002                  3.0347716050511103E-005                  3.6346972224781598E+002                  3.0465387706249184E-002                  9.9998629489204516E-001                  8.3606640627435294E+000                  8.3635325748888469E+000                 -7.8329912646089079E+000                  2.5604681783465324E+000                  3.8971272952163534E+000                 -8.9333842046586953E-001                 -1.5141731525448923E+000 
                 3.3260853391317440E+000                  1.4796370203851720E-008                  3.0626247826489698E-002                  3.0347716050511103E-005                  3.6401675241349488E+002                  3.0483931973836583E-002                  9.9998629489204516E-001                  8.3605313196590938E+000                  8.3622168457543946E+000                 -7.8298448112118306E+000                  2.5611213191759394E+000                  3.8971135800760948E+000                 -8.9330193590899809E-001                 -1.5139062075051677E+000 
                 3.3462979571617955E+000                  1.4836450315357524E-008                  3.0633024601896864E-002                  3.0347716050511103E-005                  3.6422267841656196E+002                  3.0490604118307958E-002                  9.9998629489204516E-001                  8.3603998383817579E+000                  8.3610145769046227E+000                 -7.8286699934543122E+000                  2.5613669800121261E+000                  3.8971032345729091E+000                 -8.9325653997109067E-001                 -1.5138101202987819E+000 
                 3.3738447935458744E+000                  1.4839891157374502E-008                  3.0632503637318936E-002                  3.0347716050511103E-005                  3.6424688896166134E+002                  3.0490069002429305E-002                  9.9998629489204516E-001                  8.3567052216421160E+000                  8.3567150033589588E+000                 -7.8285692843619099E+000                  2.5613958502598564E+000                  3.8965368449972861E+000                 -8.9276887395702842E-001                 -1.5138175062480415E+000 
                 3.4106737165213032E+000                  1.4795440174233702E-008                  3.0621482918276467E-002                  3.0347716050511103E-005                  3.6403930985436051E+002                  3.0479147994329634E-002                  9.9998629489204516E-001                  8.3553392096973287E+000                  8.3554157091421093E+000                 -7.8298721097600499E+000                  2.5611482814779727E+000                  3.8963412307266507E+000                 -8.9254913629110944E-001                 -1.5139737813833438E+000 
                 3.4587580083635467E+000                  1.4731783081853462E-008                  3.0605689206021188E-002                  3.0347716050511103E-005                  3.6374092433466251E+002                  3.0463496977466458E-002                  9.9998629489204516E-001                  8.3534752712187927E+000                  8.3535522302631104E+000                 -7.8317446845393368E+000                  2.5607921652048886E+000                  3.8960755987266333E+000                 -8.9224562664402596E-001                 -1.5141978362268191E+000 
                 3.4771212547196622E+000                  1.4705664261638316E-008                  3.0599204851207172E-002                  3.0347716050511103E-005                  3.6361811425842836E+002                  3.0457071137275468E-002                  9.9998629489204516E-001                  8.3527091670177285E+000                  8.3527862332091214E+000                 -7.8325153534317531E+000                  2.5606455093272551E+000                  3.8959663970882072E+000                 -8.9212094758170191E-001                 -1.5142898589177605E+000 
