                           1                            2                            3                            4                            5 
              version_number                 initial_mass                    initial_z                    burn_min1                    burn_min2 
                       10398      1.0000000000000000E+000      2.0000000000000000E-002      5.0000000000000000E+001      1.0000000000000000E+003 

                                       1                                        2                                        3                                        4                                        5                                        6                                        7                                        8                                        9                                       10                                       11                                       12                                       13                                       14 
                            log_star_age                               luminosity                                   radius                                star_mass                 surface_cell_temperature                           conv_mx1_top_r                             conv_mx1_top                           center_entropy                              max_entropy                                    log_L                                 log_Teff                             log_center_T                           log_center_Rho                                    log_R 
                 3.4981789125485649E+000                  2.5271854522205268E-008                  1.0467220896554928E-001                  1.6691243827781099E-005                  2.2509871829749935E+002                  2.1724955328779706E-002                  3.3667525615466404E-001                  8.3676697665390449E+000                  8.3938991040675610E+000                 -7.5973628871181544E+000                  2.3523730017153968E+000                  3.9553627792495698E+000                 -7.4397151373974013E-001                 -9.8016861053724347E-001 
                 3.5304923959617649E+000                  2.6315313150056894E-008                  1.0607521558929724E-001                  1.6691243827781099E-005                  2.2587834259097377E+002                  1.0288782978852190E-001                  9.9977547732336169E-001                  8.3780753632376683E+000                  8.4028063444822507E+000                 -7.5797914575474241E+000                  2.3538745922854756E+000                  3.9565428043441280E+000                 -7.4658776688171380E-001                 -9.7438607689203705E-001 
                 3.5616138675525288E+000                  2.7436744936168253E-008                  1.0756301216454528E-001                  1.6691243827781099E-005                  2.2666323717194194E+002                  1.0437872277430149E-001                  9.9977547732336158E-001                  8.3888290247885831E+000                  8.4119896962318137E+000                 -7.5616674141064779E+000                  2.3553810869082397E+000                  3.9577529057658074E+000                 -7.4931555393384197E-001                 -9.6833704441709156E-001 
                 3.5907390510596460E+000                  2.8605469763470259E-008                  1.0909163802258838E-001                  1.6691243827781099E-005                  2.2742906085262416E+002                  1.0579131715593208E-001                  9.9976376320745752E-001                  8.3995865452160743E+000                  8.4212163554453756E+000                 -7.5435509157882716E+000                  2.3568459578889489E+000                  3.9589540132999166E+000                 -7.5206943178197638E-001                 -9.6220853721940680E-001 
                 3.6177741251379034E+000                  2.9809709279221595E-008                  1.1064244370404218E-001                  1.6691243827781099E-005                  2.2816970128658303E+002                  1.0728070674240855E-001                  9.9975734486965018E-001                  8.4102098851034253E+000                  8.4304194224832649E+000                 -7.5256422594267951E+000                  2.3582579737440561E+000                  3.9601308580511274E+000                 -7.5481395746942626E-001                 -9.5607824074888337E-001 
                 3.6428999258871166E+000                  3.1046428806789283E-008                  1.1221033222544093E-001                  1.6691243827781099E-005                  2.2888424900229165E+002                  1.0878751563984297E-001                  9.9975092653184283E-001                  8.4206660489419214E+000                  8.4395935211399724E+000                 -7.5079883484246865E+000                  2.3596159070188114E+000                  3.9612800132799215E+000                 -7.5753958058123949E-001                 -9.4996715179733981E-001 
                 3.6663308734696525E+000                  3.2311820379708764E-008                  1.1379400097026300E-001                  1.6691243827781099E-005                  2.2956733419945272E+002                  1.1031042202458330E-001                  9.9974450819403538E-001                  8.4309515377726107E+000                  8.4487146244419442E+000                 -7.4906385740593517E+000                  2.3609100910201963E+000                  3.9624012646024913E+000                 -7.6024399159462031E-001                 -9.4388063261744215E-001 
                 3.6882642538002526E+000                  3.3611607554340276E-008                  1.1539329147715616E-001                  1.6691243827781099E-005                  2.3022975888347725E+002                  1.1171104536105662E-001                  9.9972402740789745E-001                  8.4410723482132752E+000                  8.4578113002061333E+000                 -7.4735107158767375E+000                  2.3621614585870483E+000                  3.9634954226020325E+000                 -7.6292735031017400E-001                 -9.3781943865983908E-001 
                 3.7088718413520296E+000                  3.4934482702592669E-008                  1.1700838951619910E-001                  1.6691243827781099E-005                  2.3085245455398811E+002                  1.1332927524407052E-001                  9.9972402740789745E-001                  8.4510359896042484E+000                  8.4667746513269240E+000                 -7.4567456832404044E+000                  2.3633344965005350E+000                  3.9645634314360394E+000                 -7.6559039024417763E-001                 -9.3178299816864563E-001 
                 3.7282900146337807E+000                  3.6292163946388675E-008                  1.1863907749593536E-001                  1.6691243827781099E-005                  2.3145616540794765E+002                  1.1482679268515789E-001                  9.9970996495956688E-001                  8.4608460882122429E+000                  8.4756762144606874E+000                 -7.4401871359064327E+000                  2.3644687537087874E+000                  3.9656058282854891E+000                 -7.6823294240216944E-001                 -9.2577223891816418E-001 
                 3.7466321284733923E+000                  3.7677361588530132E-008                  1.2028470703767934E-001                  1.6691243827781099E-005                  2.3203010239294164E+002                  1.1640193686573924E-001                  9.9970226477513724E-001                  8.4705042450105061E+000                  8.4844474431002670E+000                 -7.4239195169105088E+000                  2.3655443316103040E+000                  3.9666229643898014E+000                 -7.7085440995485166E-001                 -9.1978958522323573E-001 
                 3.7640068824727817E+000                  3.9098471982765363E-008                  1.2194577236178003E-001                  1.6691243827781099E-005                  2.3258729624312460E+002                  1.1799323151751796E-001                  9.9969456459070760E-001                  8.4800174902048280E+000                  8.4931374597821438E+000                 -7.4078402150445530E+000                  2.3665859901098623E+000                  3.9676157789119770E+000                 -7.7345582618982600E-001                 -9.1383325128937420E-001 
                 3.7805063026599930E+000                  4.0551363813259616E-008                  1.2362261037273801E-001                  1.6691243827781099E-005                  2.3312123201769046E+002                  1.1960112907868686E-001                  9.9968686440627796E-001                  8.4893914679192726E+000                  8.5017067138523323E+000                 -7.3919945351245167E+000                  2.3675818295620363E+000                  3.9685850802468754E+000                 -7.7603799494198411E-001                 -9.0790209023370438E-001 
                 3.7962105235372103E+000                  4.2036957997740812E-008                  1.2531568292848341E-001                  1.6691243827781099E-005                  2.3363318303711787E+002                  1.2114683704338858E-001                  9.9967073417701569E-001                  8.4986310771629068E+000                  8.5101549678070807E+000                 -7.3763687192041072E+000                  2.3685345258208983E+000                  3.9695315983838086E+000                 -7.7860168346779979E-001                 -9.0199457479122358E-001 
                 3.8111875799213055E+000                  4.3561642613469675E-008                  1.2702521286351778E-001                  1.6691243827781099E-005                  2.3413185959416654E+002                  1.2278267443503428E-001                  9.9966230413218315E-001                  8.5077398704694129E+000                  8.5185187485244338E+000                 -7.3608957523204026E+000                  2.3694605144685132E+000                  3.9704559544604328E+000                 -7.8114735551103232E-001                 -8.9611006864460063E-001 
                 3.8254935958234548E+000                  4.5115457674819583E-008                  1.2875086546275349E-001                  1.6691243827781099E-005                  2.3460414534013162E+002                  1.2435793844597484E-001                  9.9964544404251809E-001                  8.5167186902343275E+000                  8.5267303108240267E+000                 -7.3456746325634059E+000                  2.3703356815611394E+000                  3.9713585106894218E+000                 -7.8367479331129564E-001                 -8.9024984295135501E-001 
                 3.8391807234113271E+000                  4.6704470641129776E-008                  1.3049271610816129E-001                  1.6691243827781099E-005                  2.3505846536201042E+002                  1.2602309598012515E-001                  9.9963642571202804E-001                  8.5255699572778258E+000                  8.5348274616940660E+000                 -7.3306415459468504E+000                  2.3711758963711000E+000                  3.9722398116494526E+000                 -7.8618425231358213E-001                 -8.8441372926299777E-001 
                 3.8523044483512265E+000                  4.8334345120582878E-008                  1.3225201659337754E-001                  1.6691243827781099E-005                  2.3550071308960821E+002                  1.2770669932163153E-001                  9.9962740738153799E-001                  8.5343019834008178E+000                  8.5428409587702774E+000                 -7.3157441612635798E+000                  2.3719922264464133E+000                  3.9731009975601395E+000                 -7.8867770149706495E-001                 -8.7859769707199042E-001 
                 3.8649037291445700E+000                  4.9997997406986637E-008                  1.3402851508343802E-001                  1.6691243827781099E-005                  2.3592228598353159E+002                  1.2936230863963699E-001                  9.9961325682792612E-001                  8.5429154597215771E+000                  8.5507281132316759E+000                 -7.3010473903142312E+000                  2.3727689676372590E+000                  3.9739424768688405E+000                 -7.9115502528244630E-001                 -8.7280279397900684E-001 
                 3.8770094430937618E+000                  5.1696457718905038E-008                  1.3582138956707260E-001                  1.6691243827781099E-005                  2.3632546988846877E+002                  1.3103015726424774E-001                  9.9959844625767869E-001                  8.5514078087821925E+000                  8.5584970560592293E+000                 -7.2865392140789318E+000                  2.3735105300309063E+000                  3.9747643395893104E+000                 -7.9361514885799678E-001                 -8.6703183064865197E-001 
                 3.8886626563345184E+000                  5.3434807715296854E-008                  1.3763177436907148E-001                  1.6691243827781099E-005                  2.3671518949763302E+002                  1.3275895489776626E-001                  9.9958835253863521E-001                  8.5597864708585512E+000                  8.5661752706529199E+000                 -7.2721757490757408E+000                  2.3742261265071685E+000                  3.9755676213331839E+000                 -7.9605982015029886E-001                 -8.6128129109958040E-001 
                 3.8998929275260235E+000                  5.5210294997162758E-008                  1.3945960280941472E-001                  1.6691243827781099E-005                  2.3708835489739192E+002                  1.3441785640065435E-001                  9.9956816510054824E-001                  8.5680532277209025E+000                  8.5737484855278900E+000                 -7.2579799323509375E+000                  2.3749102231535950E+000                  3.9763527725487391E+000                 -7.9848911351683682E-001                 -8.5555157603003273E-001 
                 3.9107285192175514E+000                  5.7026606957030821E-008                  1.4130506805501619E-001                  1.6691243827781099E-005                  2.3744877425077809E+002                  1.3617836784303589E-001                  9.9955737248832255E-001                  8.5762110696679930E+000                  8.5812361888388544E+000                 -7.2439224678621317E+000                  2.3755699319824459E+000                  3.9771203314253287E+000                 -8.0090341627119011E-001                 -8.4984226144333130E-001 
                 3.9211899088816784E+000                  5.8879122937149828E-008                  1.4316755705515297E-001                  1.6691243827781099E-005                  2.3779211212539346E+002                  1.3786015629474876E-001                  9.9953529408265429E-001                  8.5842612757109311E+000                  8.5886168669073104E+000                 -7.2300386678688087E+000                  2.3761974440477549E+000                  3.9778706872157752E+000                 -8.0330248911884683E-001                 -8.4415538557728675E-001 
                 3.9312989094843620E+000                  6.0771887511581467E-008                  1.4504628184388527E-001                  1.6691243827781099E-005                  2.3812324891281713E+002                  1.3965256952933608E-001                  9.9952400828921173E-001                  8.5922009370021186E+000                  8.5959121645438117E+000                 -7.2162972747085634E+000                  2.3768017993203348E+000                  3.9786037182100471E+000                 -8.0568506705280041E-001                 -8.3849339954232427E-001 
                 3.9410852555513887E+000                  6.2704035530175694E-008                  1.4694350055117622E-001                  1.6691243827781099E-005                  2.3843944403856068E+002                  1.4145807382316736E-001                  9.9951193932164994E-001                  8.6000413681803476E+000                  8.6031169142245840E+000                 -7.2027045077803180E+000                  2.3773781004906080E+000                  3.9793207039825638E+000                 -8.0805388258176514E-001                 -8.3284961841874816E-001 
                 3.9505647654271141E+000                  6.4675924746347562E-008                  1.4885848682936104E-001                  1.6691243827781099E-005                  2.3874169890816808E+002                  1.4318158045992241E-001                  9.9948780138652615E-001                  8.6077825647136521E+000                  8.6102344369004058E+000                 -7.1892573529575374E+000                  2.3779282799846735E+000                  3.9800218173389816E+000                 -8.1040838202351173E-001                 -8.2722639999548908E-001 
                 3.9597534206633167E+000                  6.6693507921213750E-008                  1.5079095984543928E-001                  1.6691243827781099E-005                  2.3903563832049190E+002                  1.4491893472653158E-001                  9.9946283466736419E-001                  8.6154254344777659E+000                  8.6172912376401403E+000                 -7.1759164391151611E+000                  2.3784626556081205E+000                  3.9807073082952771E+000                 -8.1274828126973120E-001                 -8.2162469432119511E-001 
                 3.9686667836612415E+000                  6.8739078523257868E-008                  1.5273921327203033E-001                  1.6691243827781099E-005                  2.3930681688632251E+002                  1.4677357285247219E-001                  9.9944993691576423E-001                  8.6229675988008800E+000                  8.6242148353167600E+000                 -7.1627962940630159E+000                  2.3789550700547344E+000                  3.9813771789742018E+000                 -8.1507218516541580E-001                 -8.1604945068834955E-001 
                 3.9773305161076653E+000                  7.0835978701801644E-008                  1.5470785842828738E-001                  1.6691243827781099E-005                  2.3957235705837337E+002                  1.4864258395423821E-001                  9.9943614989251373E-001                  8.6304261678004810E+000                  8.6310999926213423E+000                 -7.1497461013101429E+000                  2.3794367057150239E+000                  3.9820330427409125E+000                 -8.1738501995562407E-001                 -8.1048762563249221E-001 
                 3.9857647414779618E+000                  7.2978011443179239E-008                  1.5669922466896619E-001                  1.6691243827781099E-005                  2.3982475018024113E+002                  1.5042492049617046E-001                  9.9940857584601273E-001                  8.6378097328248469E+000                  8.6379178162979411E+000                 -7.1368079747754312E+000                  2.3798940007168672E+000                  3.9826757585468262E+000                 -8.1968910367505354E-001                 -8.0493315236882312E-001 
                 3.9939764089555538E+000                  7.5165383907221532E-008                  1.5870961678509182E-001                  1.6691243827781099E-005                  2.4006689022232348E+002                  1.5233903887386882E-001                  9.9939478882276223E-001                  8.6451089725640156E+000                  8.6451089725640156E+000                 -7.1239821200369766E+000                  2.3803322667105919E+000                  3.9833047243713797E+000                 -8.2198095490961776E-001                 -7.9939675698704582E-001 
                 4.0019780544613619E+000                  7.7398908996500078E-008                  1.6074267370648002E-001                  1.6691243827781099E-005                  2.4029654916653283E+002                  1.5417940478732212E-001                  9.9936860289472929E-001                  8.6523349232098692E+000                  8.6523349232098692E+000                 -7.1112651610243311E+000                  2.3807475340347954E+000                  3.9839209293679718E+000                 -8.2426391457961046E-001                 -7.9386881212913007E-001 
                 4.0097680288793613E+000                  7.9675824533190434E-008                  1.6279391498936674E-001                  1.6691243827781099E-005                  2.4051489437607202E+002                  1.5614300114327803E-001                  9.9935550993071254E-001                  8.6594729251906468E+000                  8.6594729251906468E+000                 -7.0986734334913564E+000                  2.3811419760877235E+000                  3.9845232850812886E+000                 -8.2653295752838363E-001                 -7.8836183246849878E-001 
                 4.0173573672696197E+000                  8.1994764721666888E-008                  1.6486229212980902E-001                  1.6691243827781099E-005                  2.4072172253142455E+002                  1.5800167002672202E-001                  9.9932651157256602E-001                  8.6665227686904398E+000                  8.6665227686904398E+000                 -7.0862138759708548E+000                  2.3815152823956627E+000                  3.9851119877047854E+000                 -8.2878752970973679E-001                 -7.8287866632412639E-001 
                 4.0247660794980389E+000                  8.4367614567052024E-008                  1.6695283958081711E-001                  1.6691243827781099E-005                  2.4092199773675745E+002                  1.5998598342514381E-001                  9.9931060617843592E-001                  8.6735012324221117E+000                  8.6735012324221117E+000                 -7.0738242300798495E+000                  2.3818764556784449E+000                  3.9856885183444661E+000                 -8.3103285686596939E-001                 -7.7740618994418775E-001 
                 4.0319965712111969E+000                  8.6783374822814671E-008                  1.6906257422295956E-001                  1.6691243827781099E-005                  2.4110977249262430E+002                  1.6195284849950631E-001                  9.9928969509342858E-001                  8.6803998649507310E+000                  8.6803998649507310E+000                 -7.0615634650799670E+000                  2.3822148132295635E+000                  3.9862523760639341E+000                 -8.3326582196300547E-001                 -7.7195252254648439E-001 
                 4.0390604275316324E+000                  8.9247514260661965E-008                  1.7119152282329922E-001                  1.6691243827781099E-005                  2.4128888852005591E+002                  1.6374472269238385E-001                  9.9924264529772111E-001                  8.6872215802274138E+000                  8.6872215802274138E+000                 -7.0494038711027338E+000                  2.3825373228566264E+000                  3.9868039579794172E+000                 -8.3548713769118377E-001                 -7.6651774481199353E-001 
                 4.0459687212568332E+000                  9.1750069141204756E-008                  1.7333758991900983E-001                  1.6691243827781099E-005                  2.4145413172228194E+002                  1.6577387311595945E-001                  9.9922450855970113E-001                  8.6939628931197426E+000                  8.6939628931197426E+000                 -7.0373935997992252E+000                  2.3828346413507471E+000                  3.9873431671304664E+000                 -8.3769539356932854E-001                 -7.6110724614848035E-001 
                 4.0527434273098493E+000                  9.4318717942961061E-008                  1.7551602459315122E-001                  1.6691243827781099E-005                  2.4161311473396614E+002                  1.6783707679183615E-001                  9.9920637182168126E-001                  8.7006627449699785E+000                  8.7006627449699785E+000                 -7.0254021111581073E+000                  2.3831205036122904E+000                  3.9878731984345199E+000                 -8.3990330291636039E-001                 -7.5568322635100726E-001 
                 4.0593709426494797E+000                  9.6938067279265369E-008                  1.7771432828729303E-001                  1.6691243827781099E-005                  2.4176408502570331E+002                  1.6991506106010579E-001                  9.9918732349720518E-001                  8.7072891535592820E+000                  8.7072891535592820E+000                 -7.0135056433538985E+000                  2.3833917851980577E+000                  3.9883917061181244E+000                 -8.4210001309550153E-001                 -7.5027755562043796E-001 
                 4.0658565924394372E+000                  9.9603323813400209E-008                  1.7993168653690433E-001                  1.6691243827781099E-005                  2.4190455757621177E+002                  1.7190722903045019E-001                  9.9915359423172478E-001                  8.7138401015468592E+000                  8.7138401015468272E+000                 -7.0017261687074965E+000                  2.3836440506958576E+000                  3.9888986573251204E+000                 -8.4428467921404859E-001                 -7.4489234929283688E-001 
                 4.0722095977719803E+000                  1.0232584246628832E-007                  1.8217025961649772E-001                  1.6691243827781099E-005                  2.4203992620937325E+002                  1.7383885860204557E-001                  9.9910791520930076E-001                  8.7203227931955620E+000                  8.7203227931955620E+000                 -6.9900146710466888E+000                  2.3838870118374280E+000                  3.9893947686116857E+000                 -8.4645942720356471E-001                 -7.3952252274557451E-001 
                 4.0784360001082813E+000                  1.0509538945513845E-007                  1.8443006326924954E-001                  1.6691243827781099E-005                  2.4216394147039205E+002                  1.7590059714474354E-001                  9.9907691712788094E-001                  8.7267380383952542E+000                  8.7267380383952542E+000                 -6.9784163360946172E+000                  2.3841094765820467E+000                  3.9898802200871963E+000                 -8.4862433484122324E-001                 -7.3416828475877538E-001 
                 4.0845400730648738E+000                  1.0791117080490497E-007                  1.8670932212777738E-001                  1.6691243827781099E-005                  2.4227746372361540E+002                  1.7808632309891315E-001                  9.9906044115927517E-001                  8.7330830044728014E+000                  8.7330830044728014E+000                 -6.9669335954670970E+000                  2.3843130182650683E+000                  3.9903549772138471E+000                 -8.5077808686234146E-001                 -7.2883399781105807E-001 
                 4.0905287632676490E+000                  1.1078385055299501E-007                  1.8900935715339987E-001                  1.6691243827781099E-005                  2.4238563609837198E+002                  1.8019483272095871E-001                  9.9902970841498362E-001                  8.7393623264597107E+000                  8.7393623264597107E+000                 -6.9555235440019745E+000                  2.3845068797172524E+000                  3.9908195296426503E+000                 -8.5292197310103246E-001                 -7.2351669498286497E-001 
                 4.0964080889511276E+000                  1.1370778839578025E-007                  1.9133179145777210E-001                  1.6691243827781099E-005                  2.4248417602312310E+002                  1.8230138076707883E-001                  9.9899503140592949E-001                  8.7455801790914478E+000                  8.7455801790914478E+000                 -6.9442097873662032E+000                  2.3846834024517380E+000                  3.9912742537640877E+000                 -8.5505730519814716E-001                 -7.1821286213395108E-001 
                 4.1021792949194031E+000                  1.1668496436011079E-007                  1.9367320127696661E-001                  1.6691243827781099E-005                  2.4257630537365154E+002                  1.8452743520437748E-001                  9.9897461117256114E-001                  8.7517306486900726E+000                  8.7517306486900726E+000                 -6.9329851021048272E+000                  2.3848483771074989E+000                  3.9917189121293331E+000                 -8.5718161563632311E-001                 -7.1293046881478384E-001 
                 4.1078477988306705E+000                  1.1971349922983529E-007                  1.9603475102014736E-001                  1.6691243827781099E-005                  2.4266026463439587E+002                  1.8655249105341318E-001                  9.9892130596677953E-001                  8.7578173117244322E+000                  8.7578173117244322E+000                 -6.9218568745687676E+000                  2.3849986668688459E+000                  3.9921538850346807E+000                 -8.5929587173167099E-001                 -7.0766693456944874E-001 
                 4.1134186150352594E+000                  1.2279821359373417E-007                  1.9841779201222168E-001                  1.6691243827781099E-005                  2.4273763952176799E+002                  1.8873767534479435E-001                  9.9888790040885478E-001                  8.7638426563790759E+000                  8.7638426563790421E+000                 -6.9108079510452320E+000                  2.3851371242114627E+000                  3.9925793976513315E+000                 -8.6140084159102726E-001                 -7.0241938749291466E-001 
                 4.1188952130484973E+000                  1.2594057829513604E-007                  2.0082015645903015E-001                  1.6691243827781099E-005                  2.4281034637110136E+002                  1.9080794504221443E-001                  9.9883375067770253E-001                  8.7698043595366038E+000                  8.7698043595366038E+000                 -6.8998343168318765E+000                  2.3852671884681027E+000                  3.9929954749294270E+000                 -8.6349526347528460E-001                 -6.9719269889951652E-001 
                 4.1242809692094093E+000                  1.2913063265998225E-007                  2.0324312464734831E-001                  1.6691243827781099E-005                  2.4287275901164602E+002                  1.9303746084523515E-001                  9.9880000339532993E-001                  8.7757058446805267E+000                  8.7757058446805267E+000                 -6.8889707211951041E+000                  2.3853788063743648E+000                  3.9934024311390677E+000                 -8.6558016074086375E-001                 -6.9198413689365557E-001 
                 4.1295793836979593E+000                  1.3237877156039151E-007                  2.0568538457096827E-001                  1.6691243827781099E-005                  2.4293063667815755E+002                  1.9522623091465821E-001                  9.9875656819620640E-001                  8.7815459098053044E+000                  8.7815459098053044E+000                 -6.8781816533657985E+000                  2.3854822883658637E+000                  3.9938003288150683E+000                 -8.6765475243484835E-001                 -6.8679656696199953E-001 
                 4.1347956092597871E+000                  1.3567301351874910E-007                  2.0814828028948526E-001                  1.6691243827781099E-005                  2.4297767536106198E+002                  1.9756085838545365E-001                  9.9873206635759548E-001                  8.7873299431279648E+000                  8.7874496819629648E+000                 -6.8675065285040517E+000                  2.3855663725409615E+000                  3.9941896792776670E+000                 -8.6972059441721350E-001                 -6.8162717288132235E-001 
                 4.1399305061993177E+000                  1.3903350922085362E-007                  2.1062950940438130E-001                  1.6691243827781099E-005                  2.4302428903103845E+002                  1.9990245968609643E-001                  9.9870552657364031E-001                  8.7930512833185386E+000                  8.7933437994342931E+000                 -6.8568805154593173E+000                  2.3856496812603640E+000                  3.9945700453256978E+000                 -8.7177527102510688E-001                 -6.7648078379775956E-001 
                 4.1449833101146600E+000                  1.4244087410450829E-007                  2.1312769206562435E-001                  1.6691243827781099E-005                  2.4306259752341015E+002                  2.0214652668066907E-001                  9.9866062203434658E-001                  8.7987091953148031E+000                  8.7991716072308339E+000                 -6.8463653698924780E+000                  2.3857181347301002E+000                  3.9949415777761246E+000                 -8.7381801970211870E-001                 -6.7136011795381223E-001 
                 4.1499627761122424E+000                  1.4589014628883632E-007                  2.1564423263266538E-001                  1.6691243827781099E-005                  2.4308993887702670E+002                  2.0434902951767131E-001                  9.9860552776833134E-001                  8.8043075456553108E+000                  8.8049392502938488E+000                 -6.8359740402306155E+000                  2.3857669844150444E+000                  3.9953046002229953E+000                 -8.7585005369000268E-001                 -6.6626215249276910E-001 
                 4.1548789221700204E+000                  1.4940895284965152E-007                  2.1818273190046730E-001                  1.6691243827781099E-005                  2.4311591302379307E+002                  2.0661618851928226E-001                  9.9855655508742869E-001                  8.8098561855542226E+000                  8.8106500729861104E+000                 -6.8256233780446793E+000                  2.3858133860543904E+000                  3.9956599007294793E+000                 -8.7787456905202021E-001                 -6.6117962467849378E-001 
                 4.1597374156977791E+000                  1.5299421655396091E-007                  2.2074667332297521E-001                  1.6691243827781099E-005                  2.4313701918984944E+002                  2.0896907631149519E-001                  9.9851675774019844E-001                  8.8153611907909184E+000                  8.8163296057645653E+000                 -6.8153249859547813E+000                  2.3858510880213344E+000                  3.9960078212231278E+000                 -8.7989388089256992E-001                 -6.5610583256743205E-001 
                 4.1645342631636009E+000                  1.5663469659461666E-007                  2.2333252406232457E-001                  1.6691243827781099E-005                  2.4315064371164993E+002                  2.1134684574054977E-001                  9.9847696039296818E-001                  8.8208179950904597E+000                  8.8219544619738830E+000                 -6.8051120298226335E+000                  2.3858754236365733E+000                  3.9963482425618917E+000                 -8.8190588311532814E-001                 -6.5104802573183707E-001 
                 4.1692718116459480E+000                  1.6033747192433336E-007                  2.2593630860336450E-001                  1.6691243827781099E-005                  2.4316169481824261E+002                  2.1359758009720237E-001                  9.9841266731329037E-001                  8.8262181815367668E+000                  8.8275213799461962E+000                 -6.7949649682998592E+000                  2.3858951617115576E+000                  3.9966807357490968E+000                 -8.8390722321581738E-001                 -6.4601397112041803E-001 
                 4.1739582698349293E+000                  1.6409382740257816E-007                  2.2856346545488024E-001                  1.6691243827781099E-005                  2.4316388497305016E+002                  2.1587754141997001E-001                  9.9834837423361278E-001                  8.8315744924075084E+000                  8.8330429215374195E+000                 -6.7849077551773638E+000                  2.3858990733563674E+000                  3.9970061745002345E+000                 -8.8590239746993027E-001                 -6.4099318784879000E-001 
                 4.1785966986961265E+000                  1.6792495260910306E-007                  2.3121646942848914E-001                  1.6691243827781099E-005                  2.4316375660784098E+002                  2.1836423562131949E-001                  9.9831387819041073E-001                  8.8368908024144392E+000                  8.8385278331024129E+000                 -6.7748847655935567E+000                  2.3858988441181039E+000                  3.9973247871891009E+000                 -8.8789287256533178E-001                 -6.3598123458035993E-001 
                 4.1831860795538329E+000                  1.7182005205519075E-007                  2.3388561848513401E-001                  1.6691243827781099E-005                  2.4316223179979690E+002                  2.2046423448539629E-001                  9.9820996348523383E-001                  8.8421547857731255E+000                  8.8439556298182325E+000                 -6.7649261537251313E+000                  2.3858961207599920E+000                  3.9976362071269027E+000                 -8.8987313560943004E-001                 -6.3099648192992253E-001 
                 4.1877385863664509E+000                  1.7577118044721530E-007                  2.3658679312942468E-001                  1.6691243827781099E-005                  2.4314821563218251E+002                  2.2320559059198158E-001                  9.9820996348523383E-001                  8.8473882206024257E+000                  8.8493575213575664E+000                 -6.7550523306204315E+000                  2.3858710867927493E+000                  3.9979413361113973E+000                 -8.9185233915131379E-001                 -6.2600950244308795E-001 
                 4.1922463481913983E+000                  1.7979207847440660E-007                  2.3930940563687705E-001                  1.6691243827781099E-005                  2.4313202792694926E+002                  2.2548955475984497E-001                  9.9812666109086423E-001                  8.8525763097961985E+000                  8.8547128464932428E+000                 -6.7452294469222585E+000                  2.3858421724294812E+000                  3.9982396385870178E+000                 -8.9382410063285100E-001                 -6.2104023186746449E-001 
                 4.1967106555594222E+000                  1.8389272000951822E-007                  2.4204993541289824E-001                  1.6691243827781099E-005                  2.4311853318899117E+002                  2.2803456452410309E-001                  9.9808500989367954E-001                  8.8577142335922829E+000                  8.8600124982718889E+000                 -6.7354354633789750E+000                  2.3858180668353293E+000                  3.9985309841774468E+000                 -8.9578624780854776E-001                 -6.1609502890751877E-001 
                 4.2011383840906014E+000                  1.8803630161668849E-007                  2.4481262221654870E-001                  1.6691243827781099E-005                  2.4309327276382496E+002                  2.3029235996449063E-001                  9.9798782376691497E-001                  8.8628123225209681E+000                  8.8652776967857125E+000                 -6.7257582993007370E+000                  2.3857729405498289E+000                  3.9988160509150847E+000                 -8.9774251923098514E-001                 -6.1116619429739993E-001 
                 4.2055320930560738E+000                  1.9224193079680068E-007                  2.4759844581500379E-001                  1.6691243827781099E-005                  2.4306223726221091E+002                  2.3281297294498809E-001                  9.9793228883733520E-001                  8.8678702994221297E+000                  8.8704935456478307E+000                 -6.7161518803118065E+000                  2.3857174910116519E+000                  3.9990948344485862E+000                 -8.9969280018816034E-001                 -6.0625208572658085E-001 
                 4.2098975267201437E+000                  1.9653336183881701E-007                  2.5041217653269243E-001                  1.6691243827781099E-005                  2.4303049285473864E+002                  2.3536426706883154E-001                  9.9787660877568263E-001                  8.8728939678003318E+000                  8.8756895629123811E+000                 -6.7065637168779615E+000                  2.3856607674876606E+000                  3.9993675498043415E+000                 -9.0163960472158045E-001                 -6.0134455696167566E-001 
                 4.2142333795464237E+000                  2.0089025119962494E-007                  2.5324509956491276E-001                  1.6691243827781099E-005                  2.4299571122919809E+002                  2.3793824647372089E-001                  9.9782092871403005E-001                  8.8778741159130874E+000                  8.8808331413995205E+000                 -6.6970411381792596E+000                  2.3855986085459087E+000                  3.9996340127857284E+000                 -9.0357860877316365E-001                 -5.9645894972882085E-001 
                 4.2185430977077116E+000                  2.0532671218743011E-007                  2.5610334353076231E-001                  1.6691243827781099E-005                  2.4295909281789096E+002                  2.4010855866571135E-001                  9.9768509064394273E-001                  8.8828206343672687E+000                  8.8859429167437405E+000                 -6.6875545469715965E+000                  2.3855331572873069E+000                  3.9998948011063686E+000                 -9.0551356461506582E-001                 -5.9158475160778512E-001 
                 4.2228269237326836E+000                  2.0981286396852133E-007                  2.5898421708755420E-001                  1.6691243827781099E-005                  2.4291302207897567E+002                  2.4303849833704233E-001                  9.9768509064394273E-001                  8.8877280716079969E+000                  8.8910033072599273E+000                 -6.6781678880238982E+000                  2.3854507970766998E+000                  4.0001496147216260E+000                 -9.0744239095465984E-001                 -5.8672670171272245E-001 
                 4.2270837265565095E+000                  2.1437376086988456E-007                  2.6188461436490057E-001                  1.6691243827781099E-005                  2.4286634263342012E+002                  2.4537659662480082E-001                  9.9757015073848443E-001                  8.8925925111188810E+000                  8.8960412782295943E+000                 -6.6688283729288473E+000                  2.3853673327358575E+000                  4.0003983594774839E+000                 -9.0936330309147562E-001                 -5.8189001548351171E-001 
                 4.2313174032106780E+000                  2.1899566149792747E-007                  2.6480376173938269E-001                  1.6691243827781099E-005                  2.4281539644629706E+002                  2.4807160502338516E-001                  9.9751790532691242E-001                  8.8974152604743715E+000                  8.9010246690146815E+000                 -6.6595644888410384E+000                  2.3852762208681511E+000                  4.0006412335220984E+000                 -9.1127651841832058E-001                 -5.7707584970419479E-001 
                 4.2355349097869448E+000                  2.2370104031290452E-007                  2.6774888401803087E-001                  1.6691243827781099E-005                  2.4276304960895783E+002                  2.5079559366763010E-001                  9.9746565991534042E-001                  8.9022058065232592E+000                  8.9059774094557671E+000                 -6.6503319962292382E+000                  2.3851825844886183E+000                  4.0008786827434930E+000                 -9.1318590016975454E-001                 -5.7227233063922955E-001 
                 4.2397356569409768E+000                  2.2848260707945052E-007                  2.7071313057560065E-001                  1.6691243827781099E-005                  2.4271020890554067E+002                  2.5294497101522667E-001                  9.9729773573266545E-001                  8.9069578144894610E+000                  8.9108771155275530E+000                 -6.6411468543990191E+000                  2.3850880440515594E+000                  4.0011106602455877E+000                 -9.1508828748966553E-001                 -5.6749067885000182E-001 
                 4.2439234395276788E+000                  2.3330524910835257E-007                  2.7369791388768100E-001                  1.6691243827781099E-005                  2.4264693066008579E+002                  2.5598488527099800E-001                  9.9729773573266545E-001                  8.9116728706621373E+000                  8.9157630121697444E+000                 -6.6320754899540075E+000                  2.3849748021122554E+000                  4.0013371802216531E+000                 -9.1698449088686607E-001                 -5.6272851274888780E-001 
                 4.2480990005462855E+000                  2.3821216971063914E-007                  2.7670626982472696E-001                  1.6691243827781099E-005                  2.4258330268584598E+002                  2.5840417267496424E-001                  9.9717086901360374E-001                  8.9163542351927862E+000                  8.9206044361849752E+000                 -6.6230360551825047E+000                  2.3848609045142917E+000                  4.0015584138495957E+000                 -9.1887580456691453E-001                 -5.5798100016720908E-001 
                 4.2522606264496536E+000                  2.4319604767854223E-007                  2.7973046113561417E-001                  1.6691243827781099E-005                  2.4252061773128887E+002                  2.6124600679258092E-001                  9.9712329399395561E-001                  8.9209930341888519E+000                  8.9254009143219193E+000                 -6.6140434873160272E+000                  2.3847486657628574E+000                  4.0017741732007419E+000                 -9.2075809278125831E-001                 -5.5326023873110164E-001 
                 4.2564166865224280E+000                  2.4821954722310311E-007                  2.8276876826523750E-001                  1.6691243827781099E-005                  2.4245028165378179E+002                  2.6386650497763608E-001                  9.9702801596741919E-001                  8.9255899536143364E+000                  8.9301459986830807E+000                 -6.6051640209160221E+000                  2.3846226929651055E+000                  4.0019846289888736E+000                 -9.2263131074709526E-001                 -5.4856855993559583E-001 
                 4.2605765147707420E+000                  2.5335295143577901E-007                  2.8584056738526059E-001                  1.6691243827781099E-005                  2.4238122584740358E+002                  2.6652577465208954E-001                  9.9693260995364297E-001                  8.9301696182483674E+000                  8.9348895879986081E+000                 -6.5962740320292941E+000                  2.3844989775903764E+000                  4.0021906990952996E+000                 -9.2450602353378242E-001                 -5.4387613474277274E-001 
                 4.2647323686816829E+000                  2.5853342270189052E-007                  2.8892619524150825E-001                  1.6691243827781099E-005                  2.4230653818010106E+002                  2.6920468267787179E-001                  9.9683720393986663E-001                  8.9347078905380375E+000                  8.9395814879738449E+000                 -6.5874833041881962E+000                  2.3843651328994202E+000                  4.0023916650999150E+000                 -9.2637145929649067E-001                 -5.3921308144031088E-001 
                 4.2688955703616491E+000                  2.6381410878501929E-007                  2.9204078532892846E-001                  1.6691243827781099E-005                  2.4223236473614759E+002                  2.7168766929400501E-001                  9.9669409491920224E-001                  8.9392222609319418E+000                  8.9442519157272127E+000                 -6.5787019820890036E+000                  2.3842321688867303E+000                  4.0025880054030099E+000                 -9.2823555086930631E-001                 -5.3455649236533587E-001 
                 4.2730620147071035E+000                  2.6915858034382501E-007                  2.9517278437781569E-001                  1.6691243827781099E-005                  2.4215493236789064E+002                  2.7465441846538802E-001                  9.9664639191231408E-001                  8.9437006907497896E+000                  8.9488835634141459E+000                 -6.5699917710161184E+000                  2.3840933194581240E+000                  4.0027795164948268E+000                 -9.3009255176504368E-001                 -5.2992368797168099E-001 
                 4.2772361906012204E+000                  2.7457349891771063E-007                  2.9832345159892132E-001                  1.6691243827781099E-005                  2.4207524225971127E+002                  2.7741465702941942E-001                  9.9655098589853786E-001                  8.9481431492937986E+000                  8.9534840214227760E+000                 -6.5613413819907658E+000                  2.3839503751463691E+000                  4.0029661170667916E+000                 -9.3194265982319413E-001                 -5.2531260483549458E-001 
                 4.2814210606642629E+000                  2.8007772673641983E-007                  3.0149611198199366E-001                  1.6691243827781099E-005                  2.4199600888814763E+002                  2.8020195814685067E-001                  9.9645557988476163E-001                  8.9525565093223864E+000                  8.9580522581564725E+000                 -6.5527214271995904E+000                  2.3838082034464620E+000                  4.0031482407591081E+000                 -9.3378839212833831E-001                 -5.2071828404009246E-001 
                 4.2856172603193876E+000                  2.8561483772547705E-007                  3.0468032690545876E-001                  1.6691243827781099E-005                  2.4190920995728294E+002                  2.8278306047315488E-001                  9.9631247086409724E-001                  8.9569288785404702E+000                  8.9625782532254021E+000                 -6.5442192346587689E+000                  2.3836524031136155E+000                  4.0033255757980157E+000                 -9.3562434558396645E-001                 -5.1615558710398868E-001 
                 4.2898368856906171E+000                  2.9125495502671107E-007                  3.0789141717420587E-001                  1.6691243827781099E-005                  2.4182375335055556E+002                  2.8540028924708916E-001                  9.9616936184343285E-001                  8.9612796140999116E+000                  8.9670847137142236E+000                 -6.5357266773909783E+000                  2.3834989575705796E+000                  4.0034988103356319E+000                 -9.3745889792083359E-001                 -5.1160241738402124E-001 
                 4.2940765359652833E+000                  2.9696318927560965E-007                  3.1112148799302175E-001                  1.6691243827781099E-005                  2.4173529752400270E+002                  2.8837099512886222E-001                  9.9609746207830219E-001                  8.9655984719157047E+000                  8.9715582212220077E+000                 -6.5272973812729207E+000                  2.3833400692911764E+000                  4.0036675871644718E+000                 -9.3928761388537019E-001                 -5.0706999276618570E-001 
                 4.2983414401844344E+000                  3.0273933975659048E-007                  3.1435650280236122E-001                  1.6691243827781099E-005                  2.4164922618943001E+002                  2.9077853090314887E-001                  9.9589975793324770E-001                  8.9698720613200749E+000                  8.9759815071350086E+000                 -6.5189311405594736E+000                  2.3831854087726527E+000                  4.0038317225776439E+000                 -9.4110399598328054E-001                 -5.0257755137241600E-001 
                 4.3026467060280860E+000                  3.0860987517597631E-007                  3.1763103434688117E-001                  1.6691243827781099E-005                  2.4155743453429625E+002                  2.9364219456279966E-001                  9.9579194870366150E-001                  8.9741367457329826E+000                  8.9803859436284199E+000                 -6.5105901811056111E+000                  2.3830204085233606E+000                  4.0039921476337383E+000                 -9.4292465766403899E-001                 -4.9807707114690003E-001 
                 4.3069799570578651E+000                  3.1454224572911193E-007                  3.2091460211188211E-001                  1.6691243827781099E-005                  2.4146513089356270E+002                  2.9651983406095450E-001                  9.9568413947407541E-001                  8.9783619935178400E+000                  8.9848156357044093E+000                 -6.5023210168168157E+000                  2.3828544247134729E+000                  4.0041481906735887E+000                 -9.4473539428262465E-001                 -4.9361052138272699E-001 
                 4.3113542175872421E+000                  3.2055428264822390E-007                  3.2421999679085173E-001                  1.6691243827781099E-005                  2.4137090318809388E+002                  2.9942448993274640E-001                  9.9557633024448922E-001                  8.9825590323727731E+000                  8.9891909326068937E+000                 -6.4940984165089430E+000                  2.3826849155237335E+000                  4.0043000466594671E+000                 -9.4654156919575039E-001                 -4.8916020284931128E-001 
                 4.3157696835940884E+000                  3.2665167033894643E-007                  3.2753957829824909E-001                  1.6691243827781099E-005                  2.4127856780330626E+002                  3.0205450217332003E-001                  9.9540138187070804E-001                  8.9867229158033304E+000                  8.9934933393804570E+000                 -6.4859151166961713E+000                  2.3825187462807436E+000                  4.0044478019942140E+000                 -9.4834040439562739E-001                 -4.8473621445694615E-001 
                 4.3202323095610877E+000                  3.3280505563309094E-007                  3.3087205655320789E-001                  1.6691243827781099E-005                  2.4118308811093132E+002                  3.0494054024446965E-001                  9.9528033811172012E-001                  8.9908514546383298E+000                  8.9977136070456556E+000                 -6.4778100849748323E+000                  2.3823468515670574E+000                  4.0045913416921524E+000                 -9.5013105163970613E-001                 -4.8033990916890457E-001 
                 4.3247488822007369E+000                  3.3902244156217840E-007                  3.3421566426971566E-001                  1.6691243827781099E-005                  2.4108663185070372E+002                  3.0784311715226015E-001                  9.9515929435273220E-001                  8.9949451727921588E+000                  9.0019506565148646E+000                 -6.4697715527584627E+000                  2.3821731296002073E+000                  4.0047309494255261E+000                 -9.5191308703226218E-001                 -4.7597319912701935E-001 
                 4.3293314732120489E+000                  3.4531572301472654E-007                  3.3757773978863415E-001                  1.6691243827781099E-005                  2.4098865953596396E+002                  3.1076962875012137E-001                  9.9503825059374429E-001                  8.9990106111968071E+000                  9.0062182463403087E+000                 -6.4617836467792005E+000                  2.3819966059873123E+000                  4.0048666426384161E+000                 -9.5368987217515166E-001                 -4.7162619891159885E-001 
                 4.3316506868764719E+000                  3.4850281445978745E-007                  3.3926585879074961E-001                  1.6691243827781099E-005                  2.4094111280826181E+002                  3.1249949269190574E-001                  9.9503825059374418E-001                  9.0010333853021756E+000                  9.0083430048685393E+000                 -6.4577937102505638E+000                  2.3819109118355359E+000                  4.0049330622265114E+000                 -9.5457653916500140E-001                 -4.6945984234372645E-001 
