                           1                            2                            3                            4                            5 
              version_number                 initial_mass                    initial_z                    burn_min1                    burn_min2 
                       10398      1.0000000000000000E+000      2.0000000000000000E-002      5.0000000000000000E+001      1.0000000000000000E+003 

                                       1                                        2                                        3                                        4                                        5                                        6                                        7                                        8                                        9                                       10                                       11                                       12                                       13                                       14 
                            log_star_age                               luminosity                                   radius                                star_mass                 surface_cell_temperature                           conv_mx1_top_r                             conv_mx1_top                           center_entropy                              max_entropy                                    log_L                                 log_Teff                             log_center_T                           log_center_Rho                                    log_R 
                 3.4981789125485649E+000                  1.1180631100013322E-008                  3.1046845851390805E-002                  2.1243401235357801E-005                  3.3708673011840131E+002                  1.9389539398186231E-002                  6.8354956196647532E-001                  8.3115812419294990E+000                  8.3133219129266909E+000                 -7.9515336816447881E+000                  2.5277372551226880E+000                  3.8540204684525077E+000                 -9.9403343231046892E-001                 -1.5079825146151431E+000 
                 3.5268134605833148E+000                  1.3468677302277168E-008                  3.1859352276926663E-002                  2.1243401235357801E-005                  3.4861188134970513E+002                  3.1628737148196015E-002                  9.9997076971417054E-001                  8.3826891238814465E+000                  8.3826891238814465E+000                 -7.8706750522746320E+000                  2.5423421841365879E+000                  3.8634684969779891E+000                 -1.0069962092099303E+000                 -1.4967630579578650E+000 
                 3.5443199361033724E+000                  1.5098931496692781E-008                  3.2406657592639242E-002                  2.1243401235357801E-005                  3.5567132444458332E+002                  3.2171492281626947E-002                  9.9997076971417054E-001                  8.4278101975677480E+000                  8.4278101975677178E+000                 -7.8210537852571171E+000                  2.5510488517049170E+000                  3.8693778136185157E+000                 -1.0154052298265384E+000                 -1.4893657595857652E+000 
                 3.5576848509805190E+000                  1.6474236901056889E-008                  3.2852620093375383E-002                  2.1243401235357801E-005                  3.6103203523701859E+002                  3.2622223141303759E-002                  9.9997207489008100E-001                  8.4630852247241872E+000                  8.4630852247241872E+000                 -7.7831946931124403E+000                  2.5575457391765797E+000                  3.8739498998079482E+000                 -1.0220776176924036E+000                 -1.4834299884567523E+000 
                 3.5700051582785739E+000                  1.7849558866905676E-008                  3.3286669447118326E-002                  2.1243401235357801E-005                  3.6593261472005071E+002                  3.3061148673486238E-002                  9.9997331907383513E-001                  8.4962187253920884E+000                  8.4962187253920582E+000                 -7.7483725125510032E+000                  2.5634011184504328E+000                  3.8782045458845809E+000                 -1.0284240835150089E+000                 -1.4777296567237410E+000 
                 3.5819000918129538E+000                  1.9284229851015775E-008                  3.3728251730766538E-002                  2.1243401235357801E-005                  3.7062360679209678E+002                  3.3499207534117260E-002                  9.9997331907383524E-001                  8.5287588463053332E+000                  8.5287588463053332E+000                 -7.7147977007508999E+000                  2.5689330777561499E+000                  3.8823452271057972E+000                 -1.0347338008582079E+000                 -1.4720061694351227E+000 
                 3.5935209921448084E+000                  2.0794854810764255E-008                  3.4182667274099680E-002                  2.1243401235357801E-005                  3.7515904173983262E+002                  3.3949920832529061E-002                  9.9997331907383524E-001                  8.5610654636105270E+000                  8.5610654636105270E+000                 -7.6820441075233337E+000                  2.5742154174891692E+000                  3.8864198556648306E+000                 -1.0410758215979199E+000                 -1.4661940522873784E+000 
                 3.6048984717456052E+000                  2.2390685194843684E-008                  3.4651116783070819E-002                  2.1243401235357801E-005                  3.7956630008843075E+002                  3.4423569418451615E-002                  9.9997456325758938E-001                  8.5931911436003432E+000                  8.5931911436003432E+000                 -7.6499326160330101E+000                  2.5792876461163092E+000                  3.8904360029419309E+000                 -1.0474592510331890E+000                 -1.4602827637964966E+000 
                 3.6160450053100281E+000                  2.4071124148066287E-008                  3.5134038048126745E-002                  2.1243401235357801E-005                  3.8383049682337139E+002                  3.4902573950798418E-002                  9.9997456325758938E-001                  8.6251461819228989E+000                  8.6251461819228989E+000                 -7.6185036272196998E+000                  2.5841394777830411E+000                  3.8943948931210994E+000                 -1.0538838278601648E+000                 -1.4542719327233049E+000 
                 3.6269748410143556E+000                  2.5841732255929531E-008                  3.5632180570696143E-002                  2.1243401235357801E-005                  3.8796149476056075E+002                  3.5396598477071932E-002                  9.9997456325758938E-001                  8.6569477360800082E+000                  8.6569477360799780E+000                 -7.5876783775199872E+000                  2.5887886235767414E+000                  3.8982982218615794E+000                 -1.0603516668217561E+000                 -1.4481575994608502E+000 
                 3.6376959691740072E+000                  2.7709248588866199E-008                  3.6146149721707016E-002                  2.1243401235357801E-005                  3.9197158422996534E+002                  3.5906236237192322E-002                  9.9997456325758938E-001                  8.6885845833534301E+000                  8.6889944009076938E+000                 -7.5573752511262384E+000                  2.5932545838642231E+000                  3.9021449907131163E+000                 -1.0668610368163989E+000                 -1.4419379568389388E+000 
                 3.6482107679947107E+000                  2.9678126245474661E-008                  3.6676241198814713E-002                  2.1243401235357801E-005                  3.9586410873553012E+002                  3.6441393939502124E-002                  9.9997574923983878E-001                  8.7200278407343212E+000                  8.7214100232184641E+000                 -7.5275635220904160E+000                  2.5975461276161256E+000                  3.9059325023708595E+000                 -1.0734070934580533E+000                 -1.4356151798248331E+000 
                 3.6585230956529613E+000                  3.1751455816044658E-008                  3.7222704470409977E-002                  2.1243401235357801E-005                  3.9963762293368416E+002                  3.6983335672583460E-002                  9.9997574923983878E-001                  8.7512607539638800E+000                  8.7536180631720004E+000                 -7.4982363573521589E+000                  2.6016663667651385E+000                  3.9096590858715574E+000                 -1.0799856965502330E+000                 -1.4291920757537298E+000 
                 3.6686405471088119E+000                  3.3936437448148050E-008                  3.7785976201183777E-002                  2.1243401235357801E-005                  4.0330226172291350E+002                  3.7541916154229332E-002                  9.9997574923983878E-001                  8.7822840642132629E+000                  8.7855982648671809E+000                 -7.4693337506399731E+000                  2.6056306572151766E+000                  3.9133246448946424E+000                 -1.0865943603378680E+000                 -1.4226693532977128E+000 
                 3.6785744993953311E+000                  3.6243550407214900E-008                  3.8366860291321539E-002                  2.1243401235357801E-005                  4.0687309434508342E+002                  3.8117970842254795E-002                  9.9997574923983890E-001                  8.8131181132337542E+000                  8.8173689276556111E+000                 -7.4407692655554794E+000                  2.6094589715104370E+000                  3.9169311052710145E+000                 -1.0932346955781558E+000                 -1.4160437393459873E+000 
                 3.6883326287037637E+000                  3.8687181906979304E-008                  3.8966042552347209E-002                  2.1243401235357801E-005                  4.1037230362768190E+002                  3.8701671969936478E-002                  9.9997456325758949E-001                  8.8437579862590923E+000                  8.8489502614101472E+000                 -7.4124329044690613E+000                  2.6131780418808037E+000                  3.9204780617702060E+000                 -1.0999049634589073E+000                 -1.4093136995435114E+000 
                 3.6979182938737072E+000                  4.1274790214700118E-008                  3.9583815407735305E-002                  2.1243401235357801E-005                  4.1380126199466156E+002                  3.9314151688968242E-002                  9.9997456325758949E-001                  8.8741850304509828E+000                  8.8803347397874397E+000                 -7.3843151254262747E+000                  2.6167918105214047E+000                  3.9239643620145350E+000                 -1.1066021945565854E+000                 -1.4024823473033197E+000 
                 3.7073340356322602E+000                  4.4014252411875654E-008                  4.0220176084584086E-002                  2.1243401235357801E-005                  4.1716298573166426E+002                  3.9945158736450589E-002                  9.9997456325758949E-001                  8.9043750643477360E+000                  8.9114953180378667E+000                 -7.3564066702965007E+000                  2.6203057668455978E+000                  3.9273883077914360E+000                 -1.1133218887180141E+000                 -1.3955560323868199E+000 
                 3.7165862329005903E+000                  4.6916857792916820E-008                  4.0875384864019690E-002                  2.1243401235357801E-005                  4.2046584244920541E+002                  4.0594973861356916E-002                  9.9997456325758949E-001                  8.9343233707801346E+000                  8.9424232582488639E+000                 -7.3286710819975562E+000                  2.6237307203235400E+000                  3.9307498958115032E+000                 -1.1200618668989422E+000                 -1.3885381451932317E+000 
                 3.7256835430324977E+000                  5.0093473526095974E-008                  4.1555288902914621E-002                  2.1243401235357801E-005                  4.2389818038173411E+002                  4.1257111637744093E-002                  9.9997331907383535E-001                  8.9640340359741710E+000                  8.9731166150428301E+000                 -7.3002188528999543E+000                  2.6272615520101574E+000                  3.9340495631476839E+000                 -1.1268204056665809E+000                 -1.3813736940176651E+000 
                 3.7344887766050028E+000                  5.3957960281944525E-008                  4.2271788163117351E-002                  2.1243401235357801E-005                  4.2817173010190032E+002                  3.6939664109258842E-002                  9.9698897422689414E-001                  8.9930021578419055E+000                  9.0030868588088406E+000                 -7.2679444758837342E+000                  2.6316179894767955E+000                  3.9372319125617841E+000                 -1.1334787653972340E+000                 -1.3739493804428311E+000 
                 3.7386846756258221E+000                  5.6051895745194170E-008                  4.2631168263664247E-002                  2.1243401235357801E-005                  4.3044074836377416E+002                  3.7156294813454525E-002                  9.9692852818808231E-001                  9.0068705850738393E+000                  9.0174513403283356E+000                 -7.2514096944382480E+000                  2.6339133775130921E+000                  3.9387431254331884E+000                 -1.1366906741478424E+000                 -1.3702727657926814E+000 
