                           1                            2                            3                            4                            5 
              version_number                 initial_mass                    initial_z                    burn_min1                    burn_min2 
                       10398      3.6417259260613399E-005      2.0000000000000000E-002      5.0000000000000000E+001      1.0000000000000000E+003 

                                       1                                        2                                        3                                        4                                        5                                        6                                        7                                        8                                        9                                       10                                       11                                       12                                       13                                       14 
                            log_star_age                               luminosity                                   radius                                star_mass                 surface_cell_temperature                           conv_mx1_top_r                             conv_mx1_top                           center_entropy                              max_entropy                                    log_L                                 log_Teff                             log_center_T                           log_center_Rho                                    log_R 
                 3.3114739744016055E+000                  1.7561963814589868E-008                  3.0813286806860730E-002                  3.6417259260613399E-005                  3.7879476253441339E+002                  3.0703307910298228E-002                  9.9999110252000223E-001                  8.3923888805258553E+000                  8.4054860232305160E+000                 -7.7554269220202894E+000                  2.5784036745584142E+000                  3.9203324254226399E+000                 -8.4695697097922396E-001                 -1.5112619736743464E+000 
                 3.3260853391317440E+000                  1.7720244542129148E-008                  3.0834368734648954E-002                  3.6417259260613399E-005                  3.7951533203183487E+002                  3.0724034963367289E-002                  9.9999110252000223E-001                  8.3922802305231716E+000                  8.4014590578777426E+000                 -7.7515302890762552E+000                  2.5792293151390022E+000                  3.9203207012630261E+000                 -8.4692850805767950E-001                 -1.5109649383635047E+000 
                 3.3462979571617955E+000                  1.7715874708202789E-008                  3.0832279863820037E-002                  3.6417259260613399E-005                  3.7950477974864020E+002                  3.0721949140684286E-002                  9.9999110252000223E-001                  8.3921724348381215E+000                  8.3984008423030101E+000                 -7.7516373998327834E+000                  2.5792172485635003E+000                  3.9203114359487405E+000                 -8.4689394927480188E-001                 -1.5109943605907659E+000 
                 3.3738447935458744E+000                  1.7675417837703801E-008                  3.0824203229482632E-002                  3.6417259260613399E-005                  3.7933761734062176E+002                  3.0713951354804508E-002                  9.9999110252000223E-001                  8.3920553731740206E+000                  8.3961550177612487E+000                 -7.7526303109135686E+000                  2.5790259108001483E+000                  3.9203040837649787E+000                 -8.4684918460031300E-001                 -1.5111081406044538E+000 
                 3.4106737165213032E+000                  1.7614312147758123E-008                  3.0812171641332906E-002                  3.6417259260613399E-005                  3.7908333023624868E+002                  3.0702039479839665E-002                  9.9999110252000223E-001                  8.3919234836844101E+000                  8.3949262576462083E+000                 -7.7541343116803407E+000                  2.5787346860745544E+000                  3.9202993738336831E+000                 -8.4678920782805656E-001                 -1.5112776915366517E+000 
                 3.4587580083635467E+000                  1.7537607106990401E-008                  3.0796758819918037E-002                  3.6417259260613399E-005                  3.7876470048304054E+002                  3.0686775331179573E-002                  9.9999110252000234E-001                  8.3917712318339479E+000                  8.3940995249350738E+000                 -7.7560296635996284E+000                  2.5783694963601795E+000                  3.9202988758483448E+000                 -8.4670678412171552E-001                 -1.5114949880675466E+000 
                 3.4771212547196622E+000                  1.7509733429334161E-008                  3.0791052124779891E-002                  3.6417259260613399E-005                  3.7864919557393398E+002                  3.0681122133744191E-002                  9.9999110252000256E-001                  8.3917155585472081E+000                  8.3929749786546779E+000                 -7.7567204656270308E+000                  2.5782370373585470E+000                  3.9202999139395875E+000                 -8.4667338711481599E-001                 -1.5115754710779825E+000 
