                           1                            2                            3                            4                            5 
              version_number                 initial_mass                    initial_z                    burn_min1                    burn_min2 
                       10398      2.1243401235357801E-005      2.0000000000000000E-002      5.0000000000000000E+001      1.0000000000000000E+003 

                                       1                                        2                                        3                                        4                                        5                                        6                                        7                                        8                                        9                                       10                                       11                                       12                                       13                                       14 
                            log_star_age                               luminosity                                   radius                                star_mass                 surface_cell_temperature                           conv_mx1_top_r                             conv_mx1_top                           center_entropy                              max_entropy                                    log_L                                 log_Teff                             log_center_T                           log_center_Rho                                    log_R 
                 3.3114739744016055E+000                  9.9174949084424843E-009                  3.0571780488710218E-002                  2.1243401235357801E-005                  3.2966250091826697E+002                  3.0329228715853147E-002                  9.9996672636190553E-001                  8.2674605130777916E+000                  8.2745668626322182E+000                 -8.0035980138168465E+000                  2.5180695484691746E+000                  3.8480695964263241E+000                 -9.8617709302693590E-001                 -1.5146792673941458E+000 
                 3.3260853391317440E+000                  9.9048867961818289E-009                  3.0566844056479098E-002                  2.1243401235357801E-005                  3.2958428603709427E+002                  3.0324340977484383E-002                  9.9996672636190553E-001                  8.2669534907525595E+000                  8.2741585057182210E+000                 -8.0041504836867166E+000                  2.5179664966463609E+000                  3.8480002173670584E+000                 -9.8608954057947906E-001                 -1.5147493986834535E+000 
                 3.3462979571617955E+000                  9.8867806910037763E-009                  3.0559750040259685E-002                  2.1243401235357801E-005                  3.2947179735636684E+002                  3.0317316977371781E-002                  9.9996672636190553E-001                  8.2662717559804175E+000                  8.2735712230042697E+000                 -8.0049450992759645E+000                  2.5178182445775485E+000                  3.8479076705233810E+000                 -9.8596947854065009E-001                 -1.5148502023404535E+000 
                 3.3738447935458744E+000                  9.8608110019660949E-009                  3.0549564745936793E-002                  2.1243401235357801E-005                  3.2931010998417810E+002                  3.0307232290607646E-002                  9.9996672636190553E-001                  8.2653027570717175E+000                  8.2727271122580515E+000                 -8.0060873650593560E+000                  2.5176050634493472E+000                  3.8477762817588212E+000                 -9.8579831209707691E-001                 -1.5149949729757464E+000 
                 3.4106737165213032E+000                  9.8236272304485972E-009                  3.0534959998366654E-002                  2.1243401235357801E-005                  3.2907789425299461E+002                  3.0292771973749102E-002                  9.9996672636190553E-001                  8.2639131850758023E+000                  8.2715148477868237E+000                 -8.0077281257255812E+000                  2.5172987090976187E+000                  3.8475878401852324E+000                 -9.8555288322862122E-001                 -1.5152026446054008E+000 
                 3.4587580083635467E+000                  9.7705192966861102E-009                  3.0514056772007900E-002                  2.1243401235357801E-005                  3.2874477237270594E+002                  3.0272075817499182E-002                  9.9996672636190553E-001                  8.2619211946604754E+000                  8.2697758789141176E+000                 -8.0100823532012040E+000                  2.5168588549711419E+000                  3.8473175998612441E+000                 -9.8520126979486800E-001                 -1.5155000500902589E+000 
                 3.4771212547196622E+000                  9.7487727960245539E-009                  3.0505482327149971E-002                  2.1243401235357801E-005                  3.2860786815708343E+002                  3.0263586433848112E-002                  9.9996672636190553E-001                  8.2611029692822608E+000                  8.2690612217895350E+000                 -8.0110500511177776E+000                  2.5166779574051259E+000                  3.8472065603400605E+000                 -9.8505691766848869E-001                 -1.5156221039165141E+000 
