                           1                            2                            3                            4                            5 
              version_number                 initial_mass                    initial_z                    burn_min1                    burn_min2 
                       10398      9.1043148151533395E-006      2.0000000000000000E-002      5.0000000000000000E+001      1.0000000000000000E+003 

                                       1                                        2                                        3                                        4                                        5                                        6                                        7                                        8                                        9                                       10                                       11                                       12                                       13                                       14 
                            log_star_age                               luminosity                                   radius                                star_mass                 surface_cell_temperature                           conv_mx1_top_r                             conv_mx1_top                           center_entropy                              max_entropy                                    log_L                                 log_Teff                             log_center_T                           log_center_Rho                                    log_R 
                 3.3114739744016055E+000                  7.5063387152542378E-009                  3.8747983910437343E-002                  9.1043148151533395E-006                  2.7312528175469640E+002                  3.7938905299494348E-002                  9.9974742939072869E-001                  8.2997780150454314E+000                  8.3065509469638119E+000                 -8.1245718424213518E+000                  2.4363619022559417E+000                  3.7609859668995034E+000                 -1.3106984030208104E+000                 -1.4117508892699333E+000 
                 3.3260853391317440E+000                  7.4798775927596274E-009                  3.8717031773187728E-002                  9.1043148151533395E-006                  2.7299331580525228E+002                  3.7908168938966667E-002                  9.9974742939072869E-001                  8.2986263828129641E+000                  8.3055540591921417E+000                 -8.1261055092510492E+000                  2.4361520134695716E+000                  3.7608594101788113E+000                 -1.3103954527812143E+000                 -1.4120979451120410E+000 
                 3.3462979571617955E+000                  7.4420753853102631E-009                  3.8672750358161929E-002                  9.1043148151533395E-006                  2.7280379322190043E+002                  3.7864196777668203E-002                  9.9974742939072869E-001                  8.2970522070977069E+000                  8.3041252454174739E+000                 -8.1283059350591156E+000                  2.4358504046326876E+000                  3.7606888299182915E+000                 -1.3099719804663437E+000                 -1.4125949403423075E+000 
                 3.3738447935458744E+000                  7.3882702624132635E-009                  3.8609579420391907E-002                  9.1043148151533395E-006                  2.7253204577012741E+002                  3.7801467985026267E-002                  9.9974742939072869E-001                  8.2948115335713339E+000                  8.3020820725975621E+000                 -8.1314572264792293E+000                  2.4354175761971990E+000                  3.7604461841115215E+000                 -1.3093681421072276E+000                 -1.4133049291813855E+000 
                 3.4106737165213032E+000                  7.3120705674570394E-009                  3.8519822128574702E-002                  9.1043148151533395E-006                  2.7214312991985889E+002                  3.7712340899544644E-002                  9.9974742939072869E-001                  8.2916149665725474E+000                  8.2991691159316812E+000                 -8.1359596259573053E+000                  2.4347973752204588E+000                  3.7600995426284287E+000                 -1.3085075498578840E+000                 -1.4143157269669435E+000 
                 3.4587580083635467E+000                  7.2055488602466935E-009                  3.8393015289867438E-002                  9.1043148151533395E-006                  2.7159393926055822E+002                  3.7586414896831760E-002                  9.9974742939072869E-001                  8.2870704251618932E+000                  8.2950619150897680E+000                 -8.1423329325602189E+000                  2.4339200741652736E+000                  3.7596056768564861E+000                 -1.3072860409011422E+000                 -1.4157477781580290E+000 
                 3.4771212547196622E+000                  7.1626966187862133E-009                  3.8341502509572495E-002                  9.1043148151533395E-006                  2.7137134901660579E+002                  3.7592509203726338E-002                  9.9977104766089053E-001                  8.2852146524724350E+000                  8.2933980774551301E+000                 -8.1449234433098052E+000                  2.4335639934925943E+000                  3.7594036519269975E+000                 -1.3067879053728835E+000                 -1.4163308721874652E+000 
