                           1                            2                            3                            4                            5 
              version_number                 initial_mass                    initial_z                    burn_min1                    burn_min2 
                       10398      1.0000000000000000E+000      2.0000000000000000E-002      5.0000000000000000E+001      1.0000000000000000E+003 

                                       1                                        2                                        3                                        4                                        5                                        6                                        7                                        8                                        9                                       10                                       11                                       12                                       13                                       14 
                            log_star_age                               luminosity                                   radius                                star_mass                 surface_cell_temperature                           conv_mx1_top_r                             conv_mx1_top                           center_entropy                              max_entropy                                    log_L                                 log_Teff                             log_center_T                           log_center_Rho                                    log_R 
                 3.0564950491902430E+000                  1.7848573202275237E-007                  2.2708538433348019E-001                  9.0133452877088572E-005                  2.4913557142114118E+002                  1.3234831257175131E-001                  9.2317941318434094E-001                  8.4256741284542365E+000                  8.4737366759388504E+000                 -6.7483964952461921E+000                  2.3964357028830205E+000                  4.1105514556214953E+000                 -4.5857331449496275E-001                 -6.4381081693651077E-001 
                 3.1267729575604202E+000                  1.7656614185606515E-007                  2.2683511139161230E-001                  9.0133452877088572E-005                  2.4860000706957709E+002                  1.3233596087426561E-001                  9.2317941318434094E-001                  8.4256425130221473E+000                  8.4707672622469374E+000                 -6.7530925726431565E+000                  2.3955011355295821E+000                  4.1105504049940356E+000                 -4.5856154356764012E-001                 -6.4428972092811532E-001 
                 3.2114011581964026E+000                  1.7374151921557859E-007                  2.2647006298695038E-001                  9.0133452877088572E-005                  2.4779921291559907E+002                  1.3231836541148134E-001                  9.2317941318434094E-001                  8.4256135276758961E+000                  8.4663418790853520E+000                 -6.7600963852861495E+000                  2.3940999214651524E+000                  4.1105517098499984E+000                 -4.5854674518935179E-001                 -6.4498919912075281E-001 
                 3.3010299956639808E+000                  1.7044071036121724E-007                  2.2603141336028110E-001                  9.0133452877088572E-005                  2.4685296781146914E+002                  1.3229617147787012E-001                  9.2317941318434094E-001                  8.4255854653814097E+000                  8.4610918676368634E+000                 -6.7684266644192848E+000                  2.3924383517934311E+000                  4.1105549721205001E+000                 -4.5852888683423743E-001                 -6.4583119934387700E-001 
