                           1                            2                            3                            4                            5 
              version_number                 initial_mass                    initial_z                    burn_min1                    burn_min2 
                       10398      1.0000000000000000E+000      2.0000000000000000E-002      5.0000000000000000E+001      1.0000000000000000E+003 

                                       1                                        2                                        3                                        4                                        5                                        6                                        7                                        8                                        9                                       10                                       11                                       12                                       13                                       14 
                            log_star_age                               luminosity                                   radius                                star_mass                 surface_cell_temperature                           conv_mx1_top_r                             conv_mx1_top                           center_entropy                              max_entropy                                    log_L                                 log_Teff                             log_center_T                           log_center_Rho                                    log_R 
                 1.7123827361550481E+000                  5.5912745724340550E-008                  4.2594168533058314E-002                  2.1243401235357801E-005                  4.3036015076452355E+002                  3.7097394784407343E-002                  9.9688823082887446E-001                  9.0052147709085020E+000                  9.0157671252955964E+000                 -7.2524891801854263E+000                  2.6338320507092385E+000                  3.9385625987323873E+000                 -1.1363078742756270E+000                 -1.3706498550585631E+000 
                 2.2734841198041038E+000                  5.5255579495931130E-008                  4.2482441295118988E-002                  2.1243401235357801E-005                  4.2965386216778018E+002                  3.7017057307363717E-002                  9.9688823082887446E-001                  9.0009265034653954E+000                  9.0113252493217253E+000                 -7.2576238620419344E+000                  2.6331187197415717E+000                  3.9380958661618957E+000                 -1.1353136363796399E+000                 -1.3717905340514838E+000 
                 2.5840490583224893E+000                  5.4337704842572391E-008                  4.2324991343466907E-002                  2.1243401235357801E-005                  4.2865342892606674E+002                  3.6903808775172318E-002                  9.9688823082887446E-001                  8.9948401829299200E+000                  9.0050220939043832E+000                 -7.2648987095923427E+000                  2.6321063018498490E+000                  3.9374321275593811E+000                 -1.1339051014675166E+000                 -1.3734031220432430E+000 
                 2.8235075445329061E+000                  5.3091646288301662E-008                  4.2105995140158989E-002                  2.1243401235357801E-005                  4.2728141047556301E+002                  3.6773361171044260E-002                  9.9692852818808231E-001                  8.9862495056270166E+000                  8.9961276861013282E+000                 -7.2749738076624251E+000                  2.6307139983106467E+000                  3.9364926583344331E+000                 -1.1319221523303804E+000                 -1.3756560639998789E+000 
                 3.0304231397637720E+000                  5.1444012618097323E-008                  4.1805835740020100E-002                  2.1243401235357801E-005                  4.2544622315107296E+002                  3.6595922436258359E-002                  9.9698897422689414E-001                  8.9742115517191507E+000                  8.9836675736902620E+000                 -7.2886651639187390E+000                  2.6288446723305476E+000                  3.9351710487724314E+000                 -1.1291535713748397E+000                 -1.3787630901678385E+000 
                 3.2195693671010517E+000                  4.9359022384115683E-008                  4.1402904941209885E-002                  2.1243401235357801E-005                  4.2311229857094781E+002                  3.6362470921907954E-002                  9.9708450702769580E-001                  8.9574887731973156E+000                  8.9663890356416616E+000                 -7.3066334506236910E+000                  2.6264556488302548E+000                  3.9333251878671049E+000                 -1.1253269601461200E+000                 -1.3829691865197284E+000 
                 3.3951995030892546E+000                  4.6976463337140165E-008                  4.0888473685410889E-002                  2.1243401235357801E-005                  4.2053199965470861E+002                  4.0596282449125679E-002                  9.9997331907383535E-001                  8.9348803727131454E+000                  8.9430337229697976E+000                 -7.3281196825558732E+000                  2.6237990479885287E+000                  3.9308115386341020E+000                 -1.1201895288885166E+000                 -1.3883991008023671E+000 
                 3.5438680457158349E+000                  4.4402923907281484E-008                  4.0308912629573361E-002                  2.1243401235357801E-005                  4.1762046190818290E+002                  4.0033154948981804E-002                  9.9997456325758949E-001                  8.9084660621055018E+000                  8.9157552455701570E+000                 -7.3525884308991634E+000                  2.6207817690948749E+000                  3.9278490176756131E+000                 -1.1142398904304380E+000                 -1.3945989171867046E+000 
                 3.6648251921012625E+000                  4.1854987763417169E-008                  3.9719919509452133E-002                  2.1243401235357801E-005                  4.1453580055471900E+002                  3.9449098127967437E-002                  9.9997456325758949E-001                  8.8807058069133564E+000                  8.8871006164269364E+000                 -7.3782527807040319E+000                  2.6175620431768536E+000                  3.9247063098137085E+000                 -1.1080489211893283E+000                 -1.4009916402530964E+000 
                 3.7655034622598400E+000                  3.9415155652381135E-008                  3.9141393808659289E-002                  2.1243401235357801E-005                  4.1136476194160412E+002                  3.8875509566132650E-002                  9.9997456325758949E-001                  8.8524774841556972E+000                  8.8579806248875919E+000                 -7.4043367540475193E+000                  2.6142270863933530E+000                  3.9214801723095682E+000                 -1.1018184088880185E+000                 -1.4073637133578394E+000 
                 3.8520453382521707E+000                  3.7096546841409335E-008                  3.8577664100810490E-002                  2.1243401235357801E-005                  4.0812652941498328E+002                  3.8316654243343198E-002                  9.9997456325758949E-001                  8.8239925335599629E+000                  8.8286158621165995E+000                 -7.4306665151159148E+000                  2.6107948257825280E+000                  3.9181934920744594E+000                 -1.0955957444035878E+000                 -1.4136640726703864E+000 
                 3.9284351710112815E+000                  3.4896490954262674E-008                  3.8029317148242044E-002                  2.1243401235357801E-005                  4.0482338731711855E+002                  3.7783230170695688E-002                  9.9997574923983890E-001                  8.7953014037324753E+000                  8.7990525767613601E+000                 -7.4572182416889401E+000                  2.6072655941439473E+000                  3.9148510096965117E+000                 -1.0893911294388983E+000                 -1.4198814726797380E+000 
                 3.9972456939127823E+000                  3.2805931105198009E-008                  3.7496060042061088E-002                  2.1243401235357801E-005                  4.0144374247130179E+002                  3.7254415876453582E-002                  9.9997574923983890E-001                  8.7664182409160816E+000                  8.7692917517832054E+000                 -7.4840476314896414E+000                  2.6036246923818704E+000                  3.9114538343330585E+000                 -1.0832077031017797E+000                 -1.4260143640559351E+000 
                 4.0601935825825688E+000                  3.0816457801127778E-008                  3.6977631478494810E-002                  2.1243401235357801E-005                  3.9797478144701950E+002                  3.6740296282889266E-002                  9.9997574923983890E-001                  8.7373538463332423E+000                  8.7393265856919147E+000                 -7.5112172827439423E+000                  2.5998555525760567E+000                  3.9080034228268770E+000                 -1.0770494592665465E+000                 -1.4320609100714585E+000 
                 4.1184855749555807E+000                  2.8921918286427324E-008                  3.6473881463574838E-002                  2.1243401235357801E-005                  3.9440753292194438E+002                  3.6240694958494482E-002                  9.9997574923983890E-001                  8.7081169286371090E+000                  8.7091787317266345E+000                 -7.5387729052370780E+000                  2.5959452007384218E+000                  3.9045011671243990E+000                 -1.0709207494350139E+000                 -1.4380180176427559E+000 
                 4.1730135805823734E+000                  2.7117602024273520E-008                  3.5984521765020434E-002                  2.1243401235357801E-005                  3.9073685054097587E+002                  3.5755313423538659E-002                  9.9997574923983890E-001                  8.6787146265199784E+000                  8.6789086247129763E+000                 -7.5667487172264511E+000                  2.5918843712797357E+000                  3.9009479440244599E+000                 -1.0648245565751353E+000                 -1.4438842647200703E+000 
                 4.2244554423365193E+000                  2.5401420756035422E-008                  3.5509200749748039E-002                  2.1243401235357801E-005                  3.8696659145939412E+002                  3.5274642564447581E-002                  9.9997456325758949E-001                  8.6491501863912639E+000                  8.6491862273247069E+000                 -7.5951419916772984E+000                  2.5876734717073000E+000                  3.8973436095790972E+000                 -1.0587617472386983E+000                 -1.4496591028006225E+000 
                 4.2733373096408984E+000                  2.3767505715571405E-008                  3.5047444600459977E-002                  2.1243401235357801E-005                  3.8308675907929000E+002                  3.4816689038216338E-002                  9.9997456325758949E-001                  8.6194407067310959E+000                  8.6194827309131252E+000                 -7.6240163929795504E+000                  2.5832971410180661E+000                  3.8936896760243171E+000                 -1.0527344915594916E+000                 -1.4553436420732810E+000 
                 4.3200643603361604E+000                  2.2211552510662023E-008                  3.4598930512273300E-002                  2.1243401235357801E-005                  3.7909042058277703E+002                  3.4371802326403571E-002                  9.9997456325758949E-001                  8.5896043995464133E+000                  8.5896517434228983E+000                 -7.6534210847090982E+000                  2.5787428097884417E+000                  3.8899882474142471E+000                 -1.0467462791055084E+000                 -1.4609373254788058E+000 
                 4.3649624874891479E+000                  2.0730422892121269E-008                  3.4163442933484493E-002                  2.1243401235357801E-005                  3.7497355757363556E+002                  3.3939771112373507E-002                  9.9997456325758949E-001                  8.5596531962656801E+000                  8.5597052351327338E+000                 -7.6833918383865338E+000                  2.5740006427900028E+000                  3.8862412720589008E+000                 -1.0408006900794873E+000                 -1.4664383683206459E+000 
                 4.4083073957179195E+000                  1.9325573894460360E-008                  3.3740724792581445E-002                  2.1243401235357801E-005                  3.7075354713132373E+002                  3.3511580613123350E-002                  9.9997331907383535E-001                  8.5295882886512473E+000                  8.5296444290964502E+000                 -7.7138676003593618E+000                  2.5690853143679848E+000                  3.8824490172942254E+000                 -1.0348995778587906E+000                 -1.4718455924630238E+000 
                 4.4503375474861002E+000                  1.7990286196362132E-008                  3.3330323832093216E-002                  2.1243401235357801E-005                  3.6641156273959609E+002                  3.3104458992861935E-002                  9.9997331907383535E-001                  8.4994108596009958E+000                  8.4994705666787080E+000                 -7.7449619276765631E+000                  2.5639691696988107E+000                  3.8786110700231151E+000                 -1.0290437131363606E+000                 -1.4771604667832763E+000 
                 4.4912425193078356E+000                  1.6722671102960512E-008                  3.2931843598060902E-002                  2.1243401235357801E-005                  3.6194935632428906E+002                  3.2709101024670770E-002                  9.9997331907383535E-001                  8.4691399623398045E+000                  8.4692029017528316E+000                 -7.7766943517400211E+000                  2.5586478082081636E+000                  3.8747289404577323E+000                 -1.0232357726176833E+000                 -1.4823839558337104E+000 
                 4.5311789562530134E+000                  1.5521612132810164E-008                  3.2544857644689146E-002                  2.1243401235357801E-005                  3.5737357547664095E+002                  3.2316943927315323E-002                  9.9997207489008122E-001                  8.4387826447514662E+000                  8.4388617861038178E+000                 -7.8090631732825537E+000                  2.5531224367940579E+000                  3.8708029414580172E+000                 -1.0174766074976078E+000                 -1.4875176237767664E+000 
                 4.5702752102295729E+000                  1.4383227456577955E-008                  3.2169189625581643E-002                  2.1243401235357801E-005                  3.5267400149807702E+002                  3.1944269913214474E-002                  9.9997207489008122E-001                  8.4083783639465182E+000                  8.4084739216720514E+000                 -7.8421436515532443E+000                  2.5473734449767131E+000                  3.8668391803779874E+000                 -1.0117724015272909E+000                 -1.4925598792774211E+000 
                 4.6086535659379999E+000                  1.3309806686329458E-008                  3.1804636188256581E-002                  2.1243401235357801E-005                  3.4787814018624317E+002                  3.1574474313966323E-002                  9.9997076971417076E-001                  8.3779319257127014E+000                  8.3780430234281553E+000                 -7.8758282522390797E+000                  2.5414271391331780E+000                  3.8628394245378725E+000                 -1.0061247225224641E+000                 -1.4975095679332686E+000 
                 4.6464361489528292E+000                  1.2296527435136205E-008                  3.1450848456266514E-002                  2.1243401235357801E-005                  3.4297215044029082E+002                  3.1223607389390329E-002                  9.9997076971417076E-001                  8.3474411636012071E+000                  8.3475664126179243E+000                 -7.9102175169090456E+000                  2.5352588560018203E+000                  3.8588036845137657E+000                 -1.0005339935733002E+000                 -1.5023676340055370E+000 
                 4.6837283565503398E+000                  1.1345704875375251E-008                  3.1107345091604791E-002                  2.1243401235357801E-005                  3.3799152900071022E+002                  3.0875247356298336E-002                  9.9996946453826030E-001                  8.3168939265871327E+000                  8.3180781662499399E+000                 -7.9451685174981783E+000                  2.5289058153010728E+000                  3.8547294981885289E+000                 -9.9499825254659924E-001                 -1.5071370528986083E+000 
                 4.7206175529733994E+000                  1.0451994962751418E-008                  3.0773656012025332E-002                  2.1243401235357801E-005                  3.3291983384413328E+002                  3.0544493944446506E-002                  9.9996946453826019E-001                  8.2862702526353083E+000                  8.2914901454553984E+000                 -7.9808008082491311E+000                  2.5223396686979629E+000                  3.8506131801896912E+000                 -9.8951429886647002E-001                 -1.5118209050678637E+000 
                 4.7571536899432578E+000                  9.6175665970753405E-009                  3.0449589821289629E-002                  2.1243401235357801E-005                  3.2779701612785004E+002                  3.0215689517797462E-002                  9.9996809545008281E-001                  8.2556287102893613E+000                  8.2647474348611460E+000                 -8.0169347977279628E+000                  2.5156049954256443E+000                  3.8464639502626117E+000                 -9.8408965499140799E-001                 -1.5164185532626437E+000 
                 4.7934047838482439E+000                  8.8387230798061175E-009                  3.0134769605875990E-002                  2.1243401235357801E-005                  3.2262117080390982E+002                  2.9903933300021040E-002                  9.9996809545008281E-001                  8.2249668760172039E+000                  8.2376987948512514E+000                 -8.0536104724813136E+000                  2.5086928623878459E+000                  3.8422823092196299E+000                 -9.7872276810977499E-001                 -1.5209321245637224E+000 
                 4.8294367702775638E+000                  8.1138704065764142E-009                  2.9828793931221564E-002                  2.1243401235357801E-005                  3.1740852622484863E+002                  2.9601061908234642E-002                  9.9996809545008281E-001                  8.1942869855192608E+000                  8.2102830469121582E+000                 -8.0907719330574022E+000                  2.5016185880262265E+000                  3.8380680526290467E+000                 -9.7341238950140541E-001                 -1.5253643061285278E+000 
                 4.8652898194741345E+000                  7.4423511690849857E-009                  2.9531298185428198E-002                  2.1243401235357801E-005                  3.1218762874902012E+002                  2.9299639503412602E-002                  9.9996672636190542E-001                  8.1635701570830719E+000                  8.1825181133096585E+000                 -8.1282898415440403E+000                  2.4944156884319990E+000                  3.8338160839035051E+000                 -9.6815533858850222E-001                 -1.5297174611833921E+000 
                 4.9010117051621700E+000                  6.8204759385920332E-009                  2.9241807469323675E-002                  2.1243401235357801E-005                  3.0695943190671630E+002                  2.9013578354291056E-002                  9.9996672636190542E-001                  8.1328630362693559E+000                  8.1541862657440447E+000                 -8.1661853188490454E+000                  2.4870809818387718E+000                  3.8295309560472983E+000                 -9.6295504446560598E-001                 -1.5339957866494398E+000 
                 4.9366403956197011E+000                  6.2466978582744639E-009                  2.8959883649674601E-002                  2.1243401235357801E-005                  3.0174747010498601E+002                  2.8735246562817070E-002                  9.9996672636190542E-001                  8.1021692787887787E+000                  8.1251566394451498E+000                 -8.2043494996018413E+000                  2.4796436369805255E+000                  3.8252113423032394E+000                 -9.5780928035485113E-001                 -1.5382031873093449E+000 
                 4.9721900831891146E+000                  5.7192190482426706E-009                  2.8685286658184331E-002                  2.1243401235357801E-005                  2.9657463485421545E+002                  2.8464424607490855E-002                  9.9996672636190542E-001                  8.0714592615284495E+000                  8.0954420987658917E+000                 -8.2426632694926241E+000                  2.4721340037344168E+000                  3.8208544401946747E+000                 -9.5271461818645709E-001                 -1.5423408057625199E+000 
                 5.0076733069765718E+000                  5.2347028466944231E-009                  2.8417907228299483E-002                  2.1243401235357801E-005                  2.9144484711359638E+002                  2.8200910937715845E-002                  9.9996672636190531E-001                  8.0406931684763094E+000                  8.0652620319835986E+000                 -8.2811079664595812E+000                  2.4645563805381903E+000                  3.8164607869587517E+000                 -9.4767050281716170E-001                 -1.5464079078535440E+000 
                 5.0430870932002536E+000                  4.7899741127286332E-009                  2.8157778102491739E-002                  2.1243401235357801E-005                  2.8636076858838913E+002                  2.7944607334268609E-002                  9.9996672636190531E-001                  8.0098641800089769E+000                  8.0350631440057292E+000                 -8.3196668337105901E+000                  2.4569135187237499E+000                  3.8120352971390585E+000                 -9.4268171714999960E-001                 -1.5504016178501683E+000 
                 5.0784775380342611E+000                  4.3806378346570040E-009                  2.7904615951920828E-002                  2.1243401235357801E-005                  2.8130388588074368E+002                  2.7701361488085535E-002                  9.9996809545008269E-001                  7.9789130139409954E+000                  8.0053196312472785E+000                 -8.3584626502483417E+000                  2.4491757307902859E+000                  3.8075736202290611E+000                 -9.3774423976589139E-001                 -1.5543239502521162E+000 
                 5.1138748756023036E+000                  4.0031129135111234E-009                  2.7658413285710306E-002                  2.1243401235357801E-005                  2.7625824472033662E+002                  2.7464594944196910E-002                  9.9996946453826008E-001                  7.9478055216139811E+000                  7.9765108245399903E+000                 -8.3976021598266417E+000                  2.4413152473791433E+000                  3.8030742225888079E+000                 -9.3285699651274645E-001                 -1.5581727382189805E+000 
                 5.1493098394407326E+000                  3.6539282356221045E-009                  2.7419182836144255E-002                  2.1243401235357801E-005                  2.7120155075616998E+002                  2.7227947705181780E-002                  9.9996946453826008E-001                  7.9165643229737510E+000                  7.9491415040490132E+000                 -8.4372399865892209E+000                  2.4332921678154564E+000                  3.7985361087433702E+000                 -9.2801832419664620E-001                 -1.5619454924728968E+000 
                 5.1848214404955657E+000                  3.3314887464554128E-009                  2.7186519222716022E-002                  2.1243401235357801E-005                  2.6614125660922872E+002                  2.7003338454900837E-002                  9.9997076971417054E-001                  7.8852915952236771E+000                  7.9230350792951647E+000                 -8.4773616494108737E+000                  2.4251122023581790E+000                  3.7939576974183655E+000                 -9.2322492478792528E-001                 -1.5656463929691680E+000 
                 5.2203810448647143E+000                  3.0349357780157783E-009                  2.6960212223184649E-002                  2.1243401235357801E-005                  2.6109896008730050E+002                  2.6778900325132905E-002                  9.9997076971417054E-001                  7.8541696256664908E+000                  7.8975472557113964E+000                 -8.5178504945552671E+000                  2.4168051413273077E+000                  3.7893454810805016E+000                 -9.1848267634405745E-001                 -1.5692766934796232E+000 
                 5.2559516691926920E+000                  2.7634999094996902E-009                  2.6740005679091398E-002                  2.1243401235357801E-005                  2.5610233322047810E+002                  2.6566300800995625E-002                  9.9997207489008055E-001                  7.8234057458743615E+000                  7.8721233902310184E+000                 -8.5585405453046715E+000                  2.4084135343190285E+000                  3.7847057412845579E+000                 -9.1379819641775950E-001                 -1.5728385048377667E+000 
                 5.2915311637589424E+000                  2.5155885073996727E-009                  2.6525539121158737E-002                  2.1243401235357801E-005                  2.5116389523078738E+002                  2.6353654558118507E-002                  9.9997207489008055E-001                  7.7931791054853523E+000                  7.8462927933335092E+000                 -8.5993603980364721E+000                  2.3999572089533161E+000                  3.7800394663315817E+000                 -9.0917314593654042E-001                 -1.5763357804722418E+000 
                 5.3271560230898016E+000                  2.2882094764301429E-009                  2.6316704305188610E-002                  2.1243401235357801E-005                  2.4625644956392389E+002                  2.6146632356988143E-002                  9.9997207489008044E-001                  7.7634650426754046E+000                  7.8203611339220274E+000                 -8.6405042201353943E+000                  2.3913876128128679E+000                  3.7753429166988530E+000                 -9.0460251992942653E-001                 -1.5797684992408072E+000 
                 5.3627951971975731E+000                  2.0771443886541379E-009                  2.6114650010656746E-002                  2.1243401235357801E-005                  2.4129814648510543E+002                  2.5945904945463470E-002                  9.9997207489008033E-001                  7.7341522055008793E+000                  7.7962267230140787E+000                 -8.6825333132789559E+000                  2.3825539850145740E+000                  3.7706266024089370E+000                 -9.0009253005008860E-001                 -1.5831157902159991E+000 
                 5.3983782479758187E+000                  1.8818556890396205E-009                  2.5919722585596137E-002                  2.1243401235357801E-005                  2.3629842325140805E+002                  2.5751947840236409E-002                  9.9997207489008033E-001                  7.7052005660380143E+000                  7.7733281685819060E+000                 -8.7254136837019498E+000                  2.3734608227792782E+000                  3.7659100405998660E+000                 -8.9565861540974923E-001                 -1.5863696509569045E+000 
                 5.4340279291610880E+000                  1.7092377200526074E-009                  2.5727375162421937E-002                  2.1243401235357801E-005                  2.3154334152247111E+002                  2.5556958665822575E-002                  9.9997076971416987E-001                  7.6763551070757670E+000                  7.7432266394278590E+000                 -8.7671975315873780E+000                  2.3646322955594279E+000                  3.7611705634116119E+000                 -8.9127927894809622E-001                 -1.5896045204599192E+000 
                 5.4698591087827815E+000                  1.5635528538677585E-009                  2.5533211731657988E-002                  2.1243401235357801E-005                  2.2730282720380455E+002                  2.5373925584583974E-002                  9.9997207489008033E-001                  7.6472398999651601E+000                  7.6994893700949101E+000                 -8.8058874334136004E+000                  2.3566048365756265E+000                  3.7563614529521199E+000                 -8.8691338180074486E-001                 -1.5928945534054271E+000 
                 5.5053512530685520E+000                  1.4410566859792181E-009                  2.5341404807301612E-002                  2.1243401235357801E-005                  2.2355497656140682E+002                  2.5194158793586385E-002                  9.9997331907383447E-001                  7.6180174135435283E+000                  7.6502162588509970E+000                 -8.8413189352694452E+000                  2.3493843411883506E+000                  3.7515168644100818E+000                 -8.8259044727289193E-001                 -1.5961693135587973E+000 
                 5.5404405459069377E+000                  1.3334409230652039E-009                  2.5154980091684154E-002                  2.1243401235357801E-005                  2.2007001599248005E+002                  2.5021144889649367E-002                  9.9997515624871336E-001                  7.5886136921173195E+000                  7.6047794417704209E+000                 -8.8750262205853776E+000                  2.3425608741050810E+000                  3.7466251727166444E+000                 -8.7829769022809323E-001                 -1.5993760220502240E+000 
                 5.5753261818778936E+000                  1.2359817961440805E-009                  2.4973484261495583E-002                  2.1243401235357801E-005                  2.1671694422658118E+002                  2.4855936679383916E-002                  9.9997806566952951E-001                  7.5588519163413155E+000                  7.5653745748728785E+000                 -8.9079879256002723E+000                  2.3358928674932469E+000                  3.7416497092394225E+000                 -8.7400385176658679E-001                 -1.6025208613340030E+000 
                 5.6101334121708621E+000                  1.1588757043222674E-009                  2.4795182628129835E-002                  2.1243401235357801E-005                  2.1402030464631892E+002                  2.4728826207426328E-002                  9.9998900514965616E-001                  7.5284712542900163E+000                  7.5356871241842454E+000                 -8.9359631419671484E+000                  2.3304549770239680E+000                  3.7365302556975366E+000                 -8.6966231459308063E-001                 -1.6056326885788832E+000 
                 5.6449951642885940E+000                  1.0887547493558356E-009                  2.4616873635501111E-002                  2.1243401235357801E-005                  2.1146840351678284E+002                  2.4552040055656803E-002                  9.9998900514965616E-001                  7.4971758389748517E+000                  7.5089183079773614E+000                 -8.9630699375048000E+000                  2.3252454856910747E+000                  3.7312032253930583E+000                 -8.6522640042421373E-001                 -1.6087671036819229E+000 
                 5.6794114020939706E+000                  1.0200682997575563E-009                  2.4441199551453914E-002                  2.1243401235357801E-005                  2.0879758612176215E+002                  2.4373586690803809E-002                  9.9998811635853990E-001                  7.4654481506436046E+000                  7.4825348405761893E+000                 -8.9913707486157612E+000                  2.3197254726399605E+000                  3.7257537886051564E+000                 -8.6076986023352187E-001                 -1.6118774831351748E+000 
                 5.7131373105280341E+000                  9.5253367813194625E-010                  2.4270101023167845E-002                  2.1243401235357801E-005                  2.0597462081846609E+002                  2.4203788430324585E-002                  9.9998811635853990E-001                  7.4336164142695358E+000                  7.4566661841991051E+000                 -9.0211196603050485E+000                  2.3138137111169015E+000                  3.7202432922502995E+000                 -8.5634292363835651E-001                 -1.6149284159337005E+000 
                 5.7462075815892106E+000                  8.8638091563618465E-010                  2.4104151058479458E-002                  2.1243401235357801E-005                  2.0299652251739005E+002                  2.4035047165062943E-002                  9.9998722756742364E-001                  7.4018233069431867E+000                  7.4316617282833919E+000                 -9.0523796031606807E+000                  2.3074885972576058E+000                  3.7146952920743503E+000                 -8.5196562975538548E-001                 -1.6179081596429257E+000 
                 5.7787339638141448E+000                  8.2190811731017978E-010                  2.3943397402404532E-002                  2.1243401235357801E-005                  1.9986757798354014E+002                  2.3871350985111846E-002                  9.9998629489204516E-001                  7.3701493390293900E+000                  7.4075241137065264E+000                 -9.0851767303621003E+000                  2.3007423487235572E+000                  3.7091209240548526E+000                 -8.4764746356759779E-001                 -1.6208142261755383E+000 
                 5.8108441071013406E+000                  7.5943368436241984E-010                  2.3787565196297253E-002                  2.1243401235357801E-005                  1.9659700048635153E+002                  2.3712568152879032E-002                  9.9998533921379895E-001                  7.3386257451835064E+000                  7.3837692812095668E+000                 -9.1195101438194879E+000                  2.2935768864719672E+000                  3.7035243734530794E+000                 -8.4338931221888191E-001                 -1.6236500084010519E+000 
                 5.8426435001313912E+000                  6.9974778726850545E-010                  2.3636312932293915E-002                  2.1243401235357801E-005                  1.9323017050228734E+002                  2.3558548104592257E-002                  9.9998438353555275E-001                  7.3072788550314938E+000                  7.3596501229031555E+000                 -9.1550584661788363E+000                  2.2860749360940273E+000                  3.6979101868307089E+000                 -8.3919112820002828E-001                 -1.6264202688248470E+000 
                 5.8742186255031585E+000                  6.4340116323897889E-010                  2.3489341293707319E-002                  2.1243401235357801E-005                  1.8980797708150027E+002                  2.3408971596930266E-002                  9.9998340485443882E-001                  7.2761144543807914E+000                  7.3347078833581802E+000                 -9.1915181582493837E+000                  2.2783144596008178E+000                  3.6922799582548884E+000                 -8.3505202118266608E-001                 -1.6291291618737012E+000 
                 5.9056358980376391E+000                  5.9030954590269304E-010                  2.3346564381567726E-002                  2.1243401235357801E-005                  1.8633218678038139E+002                  2.3263563141358669E-002                  9.9998235267007207E-001                  7.2451535616282561E+000                  7.3091062473016857E+000                 -9.2289201937407839E+000                  2.2702878798005703E+000                  3.6866360776441427E+000                 -8.3097391217557193E-001                 -1.6317770200189061E+000 
                 5.9369635894092330E+000                  5.4016727872498441E-010                  2.3208015629786746E-002                  2.1243401235357801E-005                  1.8278581240633682E+002                  2.3122554930895548E-002                  9.9998130048570522E-001                  7.2144287904978386E+000                  7.2833590741785699E+000                 -9.2674717272562788E+000                  2.2619424822738194E+000                  3.6809820015426937E+000                 -8.2695853645061479E-001                 -1.6343619917231511E+000 
                 5.9682532643329562E+000                  4.9300102409679443E-010                  2.3073722607268813E-002                  2.1243401235357801E-005                  1.7917711561719150E+002                  2.2985936709980653E-002                  9.9998024830133836E-001                  7.1839700053650262E+000                  7.2576837528635174E+000                 -9.3071521785744427E+000                  2.2532825399681884E+000                  3.6753252242530068E+000                 -8.2300815132303839E-001                 -1.6368823327709714E+000 
                 5.9995589817361017E+000                  4.4888478825355402E-010                  2.2943550687113189E-002                  2.1243401235357801E-005                  1.7552251247672189E+002                  2.2853597407528896E-002                  9.9997919611697172E-001                  7.1537634416546192E+000                  7.2318337491169311E+000                 -9.3478651116611182E+000                  2.2443328257583000E+000                  3.6696700756832534E+000                 -8.1912262700097727E-001                 -1.6393393708945321E+000 
                 6.0309405749338643E+000                  4.0789300281595162E-010                  2.2817280024561935E-002                  2.1243401235357801E-005                  1.7184387095803015E+002                  2.2725123712583659E-002                  9.9997806566952985E-001                  7.1238041816966327E+000                  7.2054930202016667E+000                 -9.3894537447061595E+000                  2.2351340458984348E+000                  3.6640172945639344E+000                 -8.1530188986053276E-001                 -1.6417361276973224E+000 
                 6.0624740652708837E+000                  3.6999092024886126E-010                  2.2694574831983279E-002                  2.1243401235357801E-005                  1.6815746843531821E+002                  2.2602079158181604E-002                  9.9997750044580902E-001                  7.0940753110810926E+000                  7.1783452968537587E+000                 -9.4318089335930075E+000                  2.2257161593620611E+000                  3.6583614626653760E+000                 -8.1154229234465736E-001                 -1.6440779490679998E+000 
                 6.0942264533347901E+000                  3.3508335864135085E-010                  2.2575148471543249E-002                  2.1243401235357801E-005                  1.6447592093503576E+002                  2.2480839975240207E-002                  9.9997634223096332E-001                  7.0645219635842587E+000                  7.1501170966698275E+000                 -9.4748471401435239E+000                  2.2161023255656582E+000                  3.6526953338353114E+000                 -8.0783774368745709E-001                 -1.6463693847504512E+000 
                 6.1262557084337823E+000                  3.0311494094625200E-010                  2.2458739543482646E-002                  2.1243401235357801E-005                  1.6081944764002753E+002                  2.2364418194058509E-002                  9.9997574923983856E-001                  7.0350850941844030E+000                  7.1207054979958162E+000                 -9.5183926561411560E+000                  2.2063385648861642E+000                  3.6470138203563223E+000                 -8.0418222420113905E-001                 -1.6486146213902806E+000 
                 6.1586096229870924E+000                  2.7392239179500687E-010                  2.2345114283764810E-002                  2.1243401235357801E-005                  1.5719727495010744E+002                  2.2250979792663356E-002                  9.9997515624871380E-001                  7.0057293042126956E+000                  7.0719908902310262E+000                 -9.5623724648780914E+000                  2.1964450119093284E+000                  3.6413106093261902E+000                 -8.0057094618911140E-001                 -1.6508174198050762E+000 
                 6.1911282426203531E+000                  2.4746561490681685E-010                  2.2234774914759330E-002                  2.1243401235357801E-005                  1.5363556662810615E+002                  2.2140990275087487E-002                  9.9997456325758893E-001                  6.9766093213699589E+000                  7.0057807553543663E+000                 -9.6064851373108624E+000                  2.1864917652020455E+000                  3.6356135547833768E+000                 -7.9702152127405945E-001                 -1.6529672626068954E+000 
                 6.2226802326755681E+000                  2.2425137272466467E-010                  2.2131302610810928E-002                  2.1243401235357801E-005                  1.5024834912529710E+002                  2.2036319955753780E-002                  9.9997331907383502E-001                  6.9486945918431768E+000                  6.9514305986709859E+000                 -9.6492648898003814E+000                  2.1768097075193586E+000                  3.6301162760147800E+000                 -7.9365015366600478E-001                 -1.6549930234862817E+000 
                 6.2523193642717461E+000                  2.0438655823199691E-010                  2.2037189587284955E-002                  2.1243401235357801E-005                  1.4711752098890489E+002                  2.1943937657850444E-002                  9.9997331907383502E-001                  6.9227515781486089E+000                  6.9232715228258224E+000                 -9.6895476695824723E+000                  2.1676643968605842E+000                  3.6249780055263892E+000                 -7.9054456644717319E-001                 -1.6568437920597781E+000 
                 6.2798998254844740E+000                  1.8753764209125490E-010                  2.1952046508230981E-002                  2.1243401235357801E-005                  1.4426601158266905E+002                  2.1860463390781425E-002                  9.9997331907383502E-001                  6.8988386590628261E+000                  6.8993463508049713E+000                 -9.7269115486734918E+000                  2.1591640239897947E+000                  3.6202179051558523E+000                 -7.8770533542119181E-001                 -1.6585249858637083E+000 
                 6.3054872470774948E+000                  1.7351848804419480E-010                  2.1874851590710273E-002                  2.1243401235357801E-005                  1.4174028466911381E+002                  2.1789167430118831E-002                  9.9997515624871391E-001                  6.8768103038222490E+000                  6.8773046969783600E+000                 -9.7606542452084994E+000                  2.1514932993011096E+000                  3.6158132611030309E+000                 -7.8510994954192437E-001                 -1.6600548847538426E+000 
                 6.3292314843195978E+000                  1.6215571335529606E-010                  2.1804379371121934E-002                  2.1243401235357801E-005                  1.3958560027186587E+002                  2.1732667429218165E-002                  9.9998024830133880E-001                  6.8564209719690972E+000                  6.8569036135631993E+000                 -9.7900677448943974E+000                  2.1448406171797840E+000                  3.6117185826028892E+000                 -7.8272450595424725E-001                 -1.6614562703541402E+000 
                 6.3513049355020543E+000                  1.5283327969250332E-010                  2.1739614055588413E-002                  2.1243401235357801E-005                  1.3773933690712983E+002                  2.1676128314030530E-002                  9.9998287876225578E-001                  6.8374470754391092E+000                  6.8379216777895229E+000                 -9.8157820671405833E+000                  2.1390579865571997E+000                  3.6078908424842573E+000                 -7.8051819061709726E-001                 -1.6627481702320650E+000 
                 6.3718525556776244E+000                  1.4505855838621417E-010                  2.1679817788554191E-002                  2.1243401235357801E-005                  1.3614053249211923E+002                  2.1621612173518146E-002                  9.9998438353555308E-001                  6.8197211454777680E+000                  6.8201927735702252E+000                 -9.8384566429367517E+000                  2.1339874435994952E+000                  3.6042973258730555E+000                 -7.7846729948524429E-001                 -1.6639443722147391E+000 
                 6.3910003592785838E+000                  1.3846749637423958E-010                  2.1624424474111514E-002                  2.1243401235357801E-005                  1.3473924226103330E+002                  2.1571276821725677E-002                  9.9998581705292233E-001                  6.8031163331930031E+000                  6.8035907416411963E+000                 -9.8586521601878356E+000                  2.1294940993258109E+000                  3.6009136375913076E+000                 -7.7655375843084573E-001                 -1.6650554422929129E+000 
                 6.4093250832608337E+000                  1.3267962053475258E-010                  2.1571651264602622E-002                  2.1243401235357801E-005                  1.3347157318739343E+002                  2.1522156288367567E-002                  9.9998676122973451E-001                  6.7871205581570013E+000                  6.7876038237634999E+000                 -9.8771957792380132E+000                  2.1253887780640359E+000                  3.5976372396120317E+000                 -7.7471670954043947E-001                 -1.6661166092944513E+000 
                 6.4280350842912073E+000                  1.2717177190542702E-010                  2.1517970563005164E-002                  2.1243401235357801E-005                  1.3222891842764474E+002                  2.1470776713045234E-002                  9.9998722756742375E-001                  6.7706616785000966E+000                  6.7711606527800123E+000                 -9.8956092775727864E+000                  2.1213264443054958E+000                  3.5942493698355036E+000                 -7.7283328311139599E-001                 -1.6671986909447589E+000 
                 6.4479342262423591E+000                  1.2161581453978670E-010                  2.1461089219986459E-002                  2.1243401235357801E-005                  1.3093358306413040E+002                  2.1414935985718482E-002                  9.9998722756742375E-001                  6.7529791680454441E+000                  6.7535014071370441E+000                 -9.9150099470962907E+000                  2.1170510514297893E+000                  3.5905949059247582E+000                 -7.7082013863318244E-001                 -1.6683482399550964E+000 
                 6.4696356916418054E+000                  1.1580687866834080E-010                  2.1399305515519471E-002                  2.1243401235357801E-005                  1.2952785362605451E+002                  2.1354298549295211E-002                  9.9998722756742375E-001                  6.7334585540169059E+000                  6.7340304628211083E+000                 -9.9362656437261982E+000                  2.1123631677153036E+000                  3.5865472361505089E+000                 -7.6861263981037942E-001                 -1.6696003208410795E+000 
                 6.4938577772915203E+000                  1.0954078403776963E-010                  2.1330799755597513E-002                  2.1243401235357801E-005                  1.2794396675234519E+002                  2.1287077540337561E-002                  9.9998722756742375E-001                  6.7114476290737271E+000                  6.7236025834794750E+000                 -9.9604241549349091E+000                  2.1070198101145294E+000                  3.5819659684039138E+000                 -7.6614140650007923E-001                 -1.6709928612438867E+000 
                 6.5216280688490498E+000                  1.0291987045633134E-010                  2.1252947276216069E-002                  2.1243401235357801E-005                  1.2619572551179793E+002                  2.1212935034914376E-002                  9.9998811635854001E-001                  6.6859498742341774E+000                  6.7189017761325225E+000                 -9.9875007691011763E+000                  2.1010446435333496E+000                  3.5766271828517642E+000                 -7.6329717167117983E-001                 -1.6725808351646601E+000 
                 6.5527716810582799E+000                  9.5851869112019794E-011                  2.1166343313219114E-002                  2.1243401235357801E-005                  1.2422432567881164E+002                  2.1128892442064111E-002                  9.9998856075409814E-001                  6.6570285267546403E+000                  6.7124157983773980E+000                 -1.0018399413958358E+001                  2.0942066467345981E+000                  3.5705187468838915E+000                 -7.6008855757485438E-001                 -1.6743541639957482E+000 
                 6.5848365297191691E+000                  8.9114211656034382E-011                  2.1078032011319758E-002                  2.1243401235357801E-005                  1.2223656352339314E+002                  2.1043005516033251E-002                  9.9998900514965627E-001                  6.6268538271155224E+000                  6.7068402098924551E+000                 -1.0050053030512853E+001                  2.0872011307273408E+000                  3.5640819742814491E+000                 -7.5675957628029689E-001                 -1.6761699402584813E+000 
                 6.6167718959698041E+000                  8.2452159666152351E-011                  2.0991020393329108E-002                  2.1243401235357801E-005                  1.2013322972728861E+002                  2.0956154893843389E-002                  9.9998856075409814E-001                  6.5965478593203937E+000                  6.6990260538287059E+000                 -1.0083797964412318E+001                  2.0796631518429667E+000                  3.5575539301693353E+000                 -7.5343597228779058E-001                 -1.6779664494394657E+000 
                 6.6483300759197119E+000                  7.6690719739510522E-011                  2.0906146393274247E-002                  2.1243401235357801E-005                  1.1821650872517715E+002                  2.0872368895459511E-002                  9.9998856075409814E-001                  6.5662888167470781E+000                  6.6941110157297921E+000                 -1.0115257186373919E+001                  2.0726781280449775E+000                  3.5509752636056549E+000                 -7.5013897622211489E-001                 -1.6797260128242875E+000 
                 6.6796588994997546E+000                  7.0885656867812474E-011                  2.0822722249127856E-002                  2.1243401235357801E-005                  1.1614493047541839E+002                  2.0790045258580626E-002                  9.9998856075409814E-001                  6.5359006625080491E+000                  6.6869092849048926E+000                 -1.0149441631859638E+001                  2.0650002571724579E+000                  3.5443133422932731E+000                 -7.4685205601179760E-001                 -1.6814624938221079E+000 
                 6.7105798966086461E+000                  6.5752482985091903E-011                  2.0741594390352384E-002                  2.1243401235357801E-005                  1.1420533450488797E+002                  2.0708901100445751E-002                  9.9998811635854001E-001                  6.5055851646713672E+000                  6.6807641074802566E+000                 -1.0182087842437243E+001                  2.0576863890080932E+000                  3.5376068355515966E+000                 -7.4359517579248646E-001                 -1.6831578627821808E+000 
                 6.7412621119685321E+000                  6.0911453023583234E-011                  2.0662167113391607E-002                  2.1243401235357801E-005                  1.1225772184500863E+002                  2.0628543034145269E-002                  9.9998722756742375E-001                  6.4752639591997925E+000                  6.6645521480331986E+000                 -1.0215301040416529E+001                  2.0502162232469892E+000                  3.5308402076940721E+000                 -7.4036018319323049E-001                 -1.6848241302496165E+000 
                 6.7716558281091759E+000                  5.6741700396654509E-011                  2.0584699544204492E-002                  2.1243401235357801E-005                  1.1049248467198231E+002                  2.0551908108360491E-002                  9.9998722756742375E-001                  6.4449039864739834E+000                  6.6355011147433993E+000                 -1.0246097653703737E+001                  2.0433327386076692E+000                  3.5240248824429634E+000                 -7.3715137630269001E-001                 -1.6864554676145802E+000 
                 6.8019236954629445E+000                  5.2422894999605418E-011                  2.0508514337085167E-002                  2.1243401235357801E-005                  1.0852819229931823E+002                  2.0475698980123185E-002                  9.9998676122973451E-001                  6.4143450035050540E+000                  6.6064901410327126E+000                 -1.0280478999268146E+001                  2.0355425680782244E+000                  3.5171290102848363E+000                 -7.3395390469991439E-001                 -1.6880657993378949E+000 
                 6.8318084209277776E+000                  4.8247328041209049E-011                  2.0434855983926470E-002                  2.1243401235357801E-005                  1.0649076464482295E+002                  2.0401190896570685E-002                  9.9998581705292233E-001                  6.3840186558560879E+000                  6.5778983773318700E+000                 -1.0316526733078538E+001                  2.0273119442878138E+000                  3.5102427065587207E+000                 -7.3081138029255555E-001                 -1.6896284186622694E+000 
                 6.8615027494501168E+000                  4.4575779035921904E-011                  2.0363129799520291E-002                  2.1243401235357801E-005                  1.0458800767546387E+002                  2.0329471544219296E-002                  9.9998533921379928E-001                  6.3537698771972799E+000                  6.5494507421434855E+000                 -1.0350901058067455E+001                  2.0194818889252835E+000                  3.5033337035824954E+000                 -7.2770570797691647E-001                 -1.6911554704316685E+000 
                 6.8911990889107422E+000                  4.1134251253979741E-011                  2.0292816647059828E-002                  2.1243401235357801E-005                  1.0268550725512493E+002                  2.0258385572908662E-002                  9.9998438353555308E-001                  6.3234336048180468E+000                  6.5210126505572727E+000                 -1.0385796403529159E+001                  2.0115091516544163E+000                  3.4963659417146564E+000                 -7.2462147214093364E-001                 -1.6926576686207864E+000 
                 6.9208113411829419E+000                  3.7809729482444796E-011                  2.0224233885291452E-002                  2.1243401235357801E-005                  1.0071502674142039E+002                  2.0190700010092908E-002                  9.9998438353555308E-001                  6.2931839597897836E+000                  6.4926564461943892E+000                 -1.0422396429876336E+001                  2.0030942712193318E+000                  3.4893847561368920E+000                 -7.2157598056970118E-001                 -1.6941279209242053E+000 
                 6.9503597805512571E+000                  3.4742223233572086E-011                  2.0157436715195497E-002                  2.1243401235357801E-005                  9.8770253522722669E+001                  2.0123985152348905E-002                  9.9998389419499611E-001                  6.2628800245339233E+000                  6.4644912116198752E+000                 -1.0459142393511884E+001                  1.9946261673510701E+000                  3.4823589426837041E+000                 -7.1855708408910546E-001                 -1.6955646950054555E+000 
                 6.9799520299699553E+000                  3.1973092564621300E-011                  2.0092233805982226E-002                  2.1243401235357801E-005                  9.6897253864421145E+001                  2.0058854203428407E-002                  9.9998340485443915E-001                  6.2395961584704072E+000                  6.4363738346835264E+000                 -1.0495215355007833E+001                  1.9863114678528089E+000                  3.4752916649158614E+000                 -7.1556463369056067E-001                 -1.6969717767569079E+000 
                 7.0096499812926218E+000                  2.9247848494412981E-011                  2.0028493677184019E-002                  2.1243401235357801E-005                  9.4913667856226127E+001                  1.9995206810618858E-002                  9.9998287876225578E-001                  6.2315670869921629E+000                  6.4083299859925438E+000                 -1.0533906075611567E+001                  1.9773287554875854E+000                  3.4681768822871790E+000                 -7.1258968909422382E-001                 -1.6983517123283272E+000 
                 7.0393425525228368E+000                  2.6851716063935667E-011                  1.9966942737789820E-002                  2.1243401235357801E-005                  9.3050057261696281E+001                  1.9933726440439753E-002                  9.9998235267007241E-001                  6.2236661291420328E+000                  6.3807823372127004E+000                 -1.0571027953790033E+001                  1.9687166435565884E+000                  3.4610349612809772E+000                 -7.0964558778316456E-001                 -1.6996884275555666E+000 
                 7.0694109527101148E+000                  2.4626702820190053E-011                  1.9907181222008533E-002                  2.1243401235357801E-005                  9.1196065493827945E+001                  1.9874065876472530E-002                  9.9998182657788903E-001                  6.2158630253288250E+000                  6.3537502694578283E+000                 -1.0608593730379821E+001                  1.9599761006300296E+000                  3.4537573818771228E+000                 -7.0669370446971003E-001                 -1.7009902299973425E+000 
                 7.1000023776238690E+000                  2.2612942528233111E-011                  1.9848050435028620E-002                  2.1243401235357801E-005                  8.9404578848645102E+001                  1.9815041685997004E-002                  9.9998130048570566E-001                  6.2081764076765031E+000                  6.3263497223936609E+000                 -1.0645642921041397E+001                  1.9513597605496578E+000                  3.4463317380286753E+000                 -7.0372997058994757E-001                 -1.7022821451673871E+000 
                 7.1308536762056294E+000                  2.0707135985563730E-011                  1.9789750366778790E-002                  2.1243401235357801E-005                  8.7586923168266566E+001                  1.9757558909409712E-002                  9.9998130048570566E-001                  6.2005433239114858E+000                  6.2987159938406645E+000                 -1.0683879964442079E+001                  1.9424392691488828E+000                  3.4388162035101502E+000                 -7.0077380888147367E-001                 -1.7035596840661782E+000 
                 7.1616669472680927E+000                  1.8868333725273363E-011                  1.9733013789688079E-002                  2.1243401235357801E-005                  8.5697094352487596E+001                  1.9700370593942612E-002                  9.9998024830133880E-001                  6.1931825456426068E+000                  6.2710569355843413E+000                 -1.0724266450967624E+001                  1.9329660957960930E+000                  3.4313302621318997E+000                 -6.9787275781332392E-001                 -1.7048065806233716E+000 
                 7.1924447031548047E+000                  1.7208030695176757E-011                  1.9677788302914473E-002                  2.1243401235357801E-005                  8.3863709883491225E+001                  1.9645978537985526E-002                  9.9998024830133880E-001                  6.1861594434403067E+000                  6.2433328438885338E+000                 -1.0764268827938237E+001                  1.9235740692199421E+000                  3.4238803036203160E+000                 -6.9503109339140112E-001                 -1.7060237159563754E+000 
                 7.2232666293739394E+000                  1.5687451667869063E-011                  1.9623947320345513E-002                  2.1243401235357801E-005                  8.2058643783707581E+001                  1.9592949721351831E-002                  9.9998024830133880E-001                  6.1793082582853964E+000                  6.2156239630307661E+000                 -1.0804447599208995E+001                  1.9141243337466782E+000                  3.4164333873579920E+000                 -6.9223217289125472E-001                 -1.7072136306452275E+000 
                 7.2541239240031246E+000                  1.4299289562306553E-011                  1.9571435356891976E-002                  2.1243401235357801E-005                  8.0287270896852704E+001                  1.9540066517897185E-002                  9.9997919611697195E-001                  6.1726568593138884E+000                  6.1878543563529389E+000                 -1.0844685539236652E+001                  1.9046466945605951E+000                  3.4089944112653319E+000                 -6.8947799727895598E-001                 -1.7083773222868892E+000 
                 7.2850215204187272E+000                  1.3033256246385521E-011                  1.9520224838998349E-002                  2.1243401235357801E-005                  7.8550733549472540E+001                  1.9489671395798689E-002                  9.9997919611697195E-001                  6.1555139165693173E+000                  6.1611324281897772E+000                 -1.0884947066009349E+001                  1.8951502438861512E+000                  3.4015850039035040E+000                 -6.8678321720934754E-001                 -1.7095151843243506E+000 
                 7.3159614387645640E+000                  1.1878803692328426E-011                  1.9470214514271049E-002                  2.1243401235357801E-005                  7.6848824274903862E+001                  1.9440465949156552E-002                  9.9997919611697195E-001                  6.1254559051468842E+000                  6.1321084333707274E+000                 -1.0925227294706788E+001                  1.8856372263435042E+000                  3.3941965282001059E+000                 -6.8414491605321959E-001                 -1.7106292635877756E+000 
                 7.3468963699352843E+000                  1.0774666220657959E-011                  1.9421790236543248E-002                  2.1243401235357801E-005                  7.5090629691898599E+001                  1.9392487889412259E-002                  9.9997919611697195E-001                  6.0959018740689563E+000                  6.1037712715500785E+000                 -1.0967596174603116E+001                  1.8755857449507745E+000                  3.3869106401208957E+000                 -6.8158219891093663E-001                 -1.7117107407504799E+000 
                 7.3771257389053027E+000                  9.7399188750379866E-012                  1.9376703927634558E-002                  2.1243401235357801E-005                  7.3304106196957306E+001                  1.9346756191864392E-002                  9.9997863089325101E-001                  6.0675891115837794E+000                  6.0760772794558742E+000                 -1.1011444660397572E+001                  1.8651283014388729E+000                  3.3798938135386769E+000                 -6.7915196407729450E-001                 -1.7127200966239045E+000 
                 7.4067751494717351E+000                  8.7784843126600510E-012                  1.9334444239424382E-002                  2.1243401235357801E-005                  7.1502044076765344E+001                  1.9302754112472956E-002                  9.9997693522208819E-001                  6.0405139473382787E+000                  6.0496519028129088E+000                 -1.1056580462621421E+001                  1.8543184560840307E+000                  3.3731512709805536E+000                 -6.7684849102297018E-001                 -1.7136683070261454E+000 
                 7.4366785204135857E+000                  7.9189413304257819E-012                  1.9293682732139213E-002                  2.1243401235357801E-005                  6.9757134898878320E+001                  1.9260785810877770E-002                  9.9997574923983867E-001                  6.0138398150041716E+000                  6.0236803259107585E+000                 -1.1101332874608245E+001                  1.8435886332486093E+000                  3.3664826422885188E+000                 -6.7460002643418293E-001                 -1.7145848673487138E+000 
                 7.4671834146269287E+000                  7.1308536516133372E-012                  1.9253990569931028E-002                  2.1243401235357801E-005                  6.8022787245854417E+001                  1.9219373489701329E-002                  9.9997394116571214E-001                  5.9872503899452054E+000                  5.9979031396067892E+000                 -1.1146858476600674E+001                  1.8326544216892231E+000                  3.3598118338827159E+000                 -6.7238440558241330E-001                 -1.7154792452261560E+000 
                 7.4982869443656446E+000                  6.4130007343893924E-012                  1.9215399520321568E-002                  2.1243401235357801E-005                  6.6308626623398794E+001                  1.9179095265726736E-002                  9.9997207489008100E-001                  5.9607614094955368E+000                  5.9724138207326245E+000                 -1.1192938710349212E+001                  1.8215700313372580E+000                  3.3531432162925894E+000                 -6.7020409938608339E-001                 -1.7163505813964954E+000 
                 7.5300913703724639E+000                  5.7600470973540304E-012                  1.9177812133844521E-002                  2.1243401235357801E-005                  6.4615453779513018E+001                  1.9140352426130245E-002                  9.9997076971417054E-001                  5.9344140368775067E+000                  5.9470492565369844E+000                 -1.1239573965528637E+001                  1.8103363968657287E+000                  3.3464769086723947E+000                 -6.6805151849188205E-001                 -1.7172009400431492E+000 
                 7.5626901050900512E+000                  5.1693523170179334E-012                  1.9141139674497099E-002                  2.1243401235357801E-005                  6.2951278827652096E+001                  1.9101526388998466E-002                  9.9996809545008281E-001                  5.9080573039372499E+000                  5.9219083169019848E+000                 -1.1286563867499076E+001                  1.7990045551742346E+000                  3.3397881367476292E+000                 -6.6592324352256571E-001                 -1.7180322076453804E+000 
                 7.5961616311108537E+000                  4.6335250353298940E-012                  1.9105325554947341E-002                  2.1243401235357801E-005                  6.1309825128731212E+001                  1.9064641776888772E-002                  9.9996672636190564E-001                  5.8816364684657181E+000                  5.8969366470381912E+000                 -1.1334088486106500E+001                  1.7875300754646903E+000                  3.3330671850895852E+000                 -6.6381838382926039E-001                 -1.7188455575300050E+000 
                 7.6305336965617094E+000                  4.1520913449126231E-012                  1.9070353254957022E-002                  2.1243401235357801E-005                  5.9705834961937775E+001                  1.9028067319637427E-002                  9.9996451965483091E-001                  5.8552737410367754E+000                  5.8721366131198307E+000                 -1.1381733100690637E+001                  1.7760167741064878E+000                  3.3263307666350288E+000                 -6.6173687113733848E-001                 -1.7196412621056669E+000 
                 7.6658507440691599E+000                  3.7189702194420357E-012                  1.9036187306921113E-002                  2.1243401235357801E-005                  5.8135995143066431E+001                  1.8992398070794291E-002                  9.9996231294775617E-001                  5.8290138367255047E+000                  5.8475060649803012E+000                 -1.1429577299345725E+001                  1.7644451086916708E+000                  3.3195963402245980E+000                 -6.5968314548231199E-001                 -1.7204200306035775E+000 
                 7.7021147441216611E+000                  3.3300047702140978E-012                  1.9002857755818933E-002                  2.1243401235357801E-005                  5.6601921637110429E+001                  1.8957367040050379E-002                  9.9995963776103935E-001                  5.8028927852683028E+000                  5.8230313430169875E+000                 -1.1477555144368701E+001                  1.7528311733878348E+000                  3.3128870950706206E+000                 -6.5766539316785966E-001                 -1.7211810825073937E+000 
                 7.7391527877541240E+000                  2.9845953424311695E-012                  1.8970497127945820E-002                  2.1243401235357801E-005                  5.5120281771765605E+001                  1.8924303351368247E-002                  9.9995843371237259E-001                  5.7771265696007879E+000                  5.7988698785097297E+000                 -1.1525114543081445E+001                  1.7413114265241465E+000                  3.3062564532010827E+000                 -6.5569889101468271E-001                 -1.7219212881363883E+000 
                 7.7772015960833603E+000                  2.6757006376038172E-012                  1.8938909892996045E-002                  2.1243401235357801E-005                  5.3679852336383945E+001                  1.8890390499320578E-002                  9.9995432854508559E-001                  5.7516976408516847E+000                  5.7748992996334705E+000                 -1.1572562477865889E+001                  1.7298113098708092E+000                  3.2996799028403401E+000                 -6.5377266655534860E-001                 -1.7226450222219361E+000 
                 7.8164081317547867E+000                  2.3995844247225737E-012                  1.8908077738422801E-002                  2.1243401235357801E-005                  5.2280500906718537E+001                  1.8858717021529494E-002                  9.9995263147513203E-001                  5.7263900309326248E+000                  5.7511185729956411E+000                 -1.1619863965653982E+001                  1.7183397372192262E+000                  3.2931118887246140E+000                 -6.5187404683397243E-001                 -1.7233526208128167E+000 
                 7.8568841552688253E+000                  2.1537247539284994E-012                  1.8878039894408432E-002                  2.1243401235357801E-005                  5.0927050156361616E+001                  1.8826931970220499E-002                  9.9994907217381923E-001                  5.7009004283844655E+000                  5.7276009868858253E+000                 -1.1666809800336162E+001                  1.7069485183740161E+000                  3.2864816392796468E+000                 -6.4998534164158539E-001                 -1.7240431004634862E+000 
                 7.8988264921041385E+000                  1.9353250261693163E-012                  1.8848829030114242E-002                  2.1243401235357801E-005                  4.9622165389679104E+001                  1.8797152734962089E-002                  9.9994764991630436E-001                  5.6748856159261134E+000                  5.7044422754014894E+000                 -1.1713246087380002E+001                  1.6956757088068541E+000                  3.2797007561066116E+000                 -6.4808405591360285E-001                 -1.7247156248510822E+000 
                 7.9424617855581969E+000                  1.7406927033503162E-012                  1.8820297386450489E-002                  2.1243401235357801E-005                  4.8361159834997160E+001                  1.8767417327663276E-002                  9.9994480540127528E-001                  5.6482222410456631E+000                  5.6815709733508761E+000                 -1.1759277891156442E+001                  1.6844967046409451E+000                  3.2727358432872347E+000                 -6.4616330594473859E-001                 -1.7253735184074848E+000 
                 7.9878854278809603E+000                  1.5845007290344139E-012                  1.8791853314322659E-002                  2.1243401235357801E-005                  4.7273496528512830E+001                  1.8737642997068617E-002                  9.9994137897099644E-001                  5.6213446540823222E+000                  5.6584219927654660E+000                 -1.1800107556653201E+001                  1.6746177221821998E+000                  3.2656864764846607E+000                 -6.4424570068642728E-001                 -1.7260303862383728E+000 
                 8.0354878785719137E+000                  1.4760768391714058E-012                  1.8761631419907211E-002                  2.1243401235357801E-005                  4.6480561230348108E+001                  1.8707763528850143E-002                  9.9994137897099655E-001                  5.5942105478188155E+000                  5.6333169490989441E+000                 -1.1830891034139306E+001                  1.6672713597846258E+000                  3.2585657452933376E+000                 -6.4232432213684132E-001                 -1.7267294001862772E+000 
                 8.0843440473195614E+000                  1.3830028908026568E-012                  1.8729780185352568E-002                  2.1243401235357801E-005                  4.5768729147127509E+001                  1.8676272435538217E-002                  9.9994137897099655E-001                  5.5673346850787091E+000                  5.6062052015445705E+000                 -1.1859176912111709E+001                  1.6605688499584081E+000                  3.2514968314994048E+000                 -6.4042643447707326E-001                 -1.7274673195200432E+000 
                 8.1326963712044922E+000                  1.2963251427707365E-012                  1.8697671792378912E-002                  2.1243401235357801E-005                  4.5072758902128570E+001                  1.8642893457047571E-002                  9.9993732318960127E-001                  5.5416333120967174E+000                  5.5782086213079358E+000                 -1.1887286055563493E+001                  1.6539141382509353E+000                  3.2447217842324343E+000                 -6.3861598646155382E-001                 -1.7282124678309900E+000 
                 8.1796407059881204E+000                  1.2106761012761874E-012                  1.8666485668692247E-002                  2.1243401235357801E-005                  4.4346069567854855E+001                  1.8610511998749035E-002                  9.9993302127542572E-001                  5.5176367458445288E+000                  5.5504953598897586E+000                 -1.1916972030468449E+001                  1.6468551300052883E+000                  3.2383782012701747E+000                 -6.3693215054453789E-001                 -1.7289374387921739E+000 
                 8.2254817484497789E+000                  1.1376656843628469E-012                  1.8636316962418138E-002                  2.1243401235357801E-005                  4.3697142990011749E+001                  1.8579138684986694E-002                  9.9992840238018910E-001                  5.4949618060085816E+000                  5.5229845164507552E+000                 -1.1943985341427233E+001                  1.6404530387570477E+000                  3.2323687463023911E+000                 -6.3534743327149845E-001                 -1.7296399117750851E+000 
                 8.2711894325506705E+000                  1.0694007764741105E-012                  1.8606750894389616E-002                  2.1243401235357801E-005                  4.3060520442337165E+001                  1.8548501597353575E-002                  9.9992378348495259E-001                  5.4727813941073418E+000                  5.4955442660303238E+000                 -1.1970859504901565E+001                  1.6340792703154616E+000                  3.2264907838152572E+000                 -6.3381036942436464E-001                 -1.7303294566290794E+000 
                 8.3168307954367879E+000                  1.0021418186931124E-012                  1.8577987792561958E-002                  2.1243401235357801E-005                  4.2399660812474622E+001                  1.8518711067742308E-002                  9.9991882758996931E-001                  5.4509425446646791E+000                  5.4684802788800466E+000                 -1.1999070814678758E+001                  1.6273623779708488E+000                  3.2206952164115314E+000                 -6.3231118630863559E-001                 -1.7310013268284492E+000 
                 8.3622211280740366E+000                  9.4469886957339040E-013                  1.8550632494534418E-002                  2.1243401235357801E-005                  4.1809349524243807E+001                  1.8490713520942909E-002                  9.9991493158988531E-001                  5.4295718574214362E+000                  5.4420975865188375E+000                 -1.2024706604320233E+001                  1.6212734062838432E+000                  3.2150037800470486E+000                 -6.3085490766328101E-001                 -1.7316412782751756E+000 
                 8.4087464391888247E+000                  8.9077272555360679E-013                  1.8523825255241232E-002                  2.1243401235357801E-005                  4.1229285911091907E+001                  1.8462923374392363E-002                  9.9990954946091526E-001                  5.4078836547525118E+000                  5.4158417563465875E+000                 -1.2050233089036860E+001                  1.6152058082579743E+000                  3.2092107961776022E+000                 -6.2938972308390240E-001                 -1.7322693245817520E+000 
                 8.4565346058454285E+000                  8.4073498017546698E-013                  1.8497754131161562E-002                  2.1243401235357801E-005                  4.0666303829602342E+001                  1.8435547783833686E-002                  9.9990248206009602E-001                  5.3856737565182460E+000                  5.3899572961343907E+000                 -1.2075340882663555E+001                  1.6092346962684432E+000                  3.2032658864276615E+000                 -6.2790845404457329E-001                 -1.7328809974160373E+000 
                 8.5059533545511794E+000                  7.9461250604122264E-013                  1.8472085812900715E-002                  2.1243401235357801E-005                  4.0124561872478068E+001                  1.8410093340653286E-002                  9.9989949201943606E-001                  5.3625913148693316E+000                  5.3643845899228442E+000                 -1.2099844604065511E+001                  1.6034102984858136E+000                  3.1970641537700231E+000                 -6.2639244728688426E-001                 -1.7334840625517565E+000 
                 8.5574554187242242E+000                  7.4829715281356370E-013                  1.8447312540464538E-002                  2.1243401235357801E-005                  3.9553178877065157E+001                  1.8384869903648692E-002                  9.9989336864633360E-001                  5.3385741833165978E+000                  5.3394668859798484E+000                 -1.2125925907215439E+001                  1.5971813885288251E+000                  3.1905804276903131E+000                 -6.2484113994149171E-001                 -1.7340668942127431E+000 
                 8.6114987335875153E+000                  7.0917182837160387E-013                  1.8423880946274163E-002                  2.1243401235357801E-005                  3.9050512013620349E+001                  1.8360907509399102E-002                  9.9988695203167455E-001                  5.3143792725882149E+000                  5.3166272725569446E+000                 -1.2149248524940502E+001                  1.5916267276976215E+000                  3.1840366142100831E+000                 -6.2330011714948497E-001                 -1.7346188814128676E+000 
                 8.6699520844429259E+000                  6.7295275593698792E-013                  1.8401405788226504E-002                  2.1243401235357801E-005                  3.8565597641364654E+001                  1.8337901248680503E-002                  9.9988022856436942E-001                  5.2904081630293884E+000                  5.2955907747123634E+000                 -1.2172015423972264E+001                  1.5862000609798890E+000                  3.1775471844155114E+000                 -6.2179182070787831E-001                 -1.7351489974932830E+000 
                 8.7333485323792548E+000                  6.3624816323107720E-013                  1.8379151349457827E-002                  2.1243401235357801E-005                  3.8051635804272102E+001                  1.8315918919757992E-002                  9.9987678837928085E-001                  5.2684662347600444E+000                  5.2735982174096652E+000                 -1.2196373458407262E+001                  1.5803733265618174E+000                  3.1715919062068294E+000                 -6.2042377729277420E-001                 -1.7356745458746385E+000 
                 8.8011425821925755E+000                  5.9648473730602333E-013                  1.8359241307897158E-002                  2.1243401235357801E-005                  3.7462943034981649E+001                  1.8295709602634554E-002                  9.9986957968267254E-001                  5.2521609987874944E+000                  5.2573384257380171E+000                 -1.2224400664464010E+001                  1.5736018870601014E+000                  3.1671590988536100E+000                 -6.1941407109888980E-001                 -1.7361452698995807E+000 
                 8.8771449731298890E+000                  5.6792224553136127E-013                  1.8345510150979676E-002                  2.1243401235357801E-005                  3.7020028319325831E+001                  1.8281429468747019E-002                  9.9986202749876152E-001                  5.2421919049642769E+000                  5.2473751311916246E+000                 -1.2245711119655505E+001                  1.5684367417634590E+000                  3.1644484238543877E+000                 -6.1879920121561971E-001                 -1.7364702069020437E+000 
                 8.9674680328457086E+000                  5.5257687163481012E-013                  1.8338106424404362E-002                  2.1243401235357801E-005                  3.6774802967954592E+001                  1.8273111961072164E-002                  9.9985411599938345E-001                  5.2370832965241769E+000                  5.2422590546748413E+000                 -1.2257607296639165E+001                  1.5655503496614986E+000                  3.1630597042188957E+000                 -6.1848469734279687E-001                 -1.7366455111899528E+000 
                 9.0714066096181121E+000                  5.4618118927064783E-013                  1.8335510334085349E-002                  2.1243401235357801E-005                  3.6670523229158540E+001                  1.8270366142411298E-002                  9.9985204416474782E-001                  5.2353964123798846E+000                  5.2405649935464336E+000                 -1.2262663261238824E+001                  1.5643171018033997E+000                  3.1626012317488836E+000                 -6.1838091797249872E-001                 -1.7367069977735847E+000 
                 9.1875139493958891E+000                  5.4480347851108610E-013                  1.8334732214373841E-002                  2.1243401235357801E-005                  3.6648154142065735E+001                  1.8269633085608319E-002                  9.9985204416474782E-001                  5.2348589868542987E+000                  5.2400283710222801E+000                 -1.2263760128163282E+001                  1.5640521005307479E+000                  3.1624551771633036E+000                 -6.1834786207307246E-001                 -1.7367254286905098E+000 
                 9.3139094699891061E+000                  5.4451093217103684E-013                  1.8334566519076511E-002                  2.1243401235357801E-005                  3.6643398935101061E+001                  1.8269476969492281E-002                  9.9985204416474782E-001                  5.2347450096843016E+000                  5.2399134726025078E+000                 -1.2263993396470381E+001                  1.5639957458736484E+000                  3.1624242029843570E+000                 -6.1834085141124717E-001                 -1.7367293535298602E+000 
                 9.4486017652105776E+000                  5.4447199811990182E-013                  1.8334544782250658E-002                  2.1243401235357801E-005                  3.6642765612374788E+001                  1.8269456506986921E-002                  9.9985204416474782E-001                  5.2347297656355094E+000                  5.2398980766367584E+000                 -1.2264024450848007E+001                  1.5639882397216283E+000                  3.1624200599572787E+000                 -6.1833991432668467E-001                 -1.7367298684146331E+000 
                 9.5897330646041929E+000                  5.4446888501378383E-013                  1.8334543057967997E-002                  2.1243401235357801E-005                  3.6642714957579962E+001                  1.8269454884565720E-002                  9.9985204416474782E-001                  5.2347285427231549E+000                  5.2398968412623654E+000                 -1.2264026934003576E+001                  1.5639876393544725E+000                  3.1624197275797670E+000                 -6.1833983917449842E-001                 -1.7367299092581059E+000 
                 9.6989700043360187E+000                  5.4446874594322677E-013                  1.8334542981808654E-002                  2.1243401235357801E-005                  3.6642712693824826E+001                  1.8269454812954253E-002                  9.9985204416474782E-001                  5.2347284878516840E+000                  5.2398967858323235E+000                 -1.2264027044932932E+001                  1.5639876125241350E+000                  3.1624197126652076E+000                 -6.1833983580390817E-001                 -1.7367299110621095E+000 
