                           1                            2                            3                            4                            5 
              version_number                 initial_mass                    initial_z                    burn_min1                    burn_min2 
                       10398      1.0000000000000000E+000      2.0000000000000000E-002      5.0000000000000000E+001      1.0000000000000000E+003 

                                       1                                        2                                        3                                        4                                        5                                        6                                        7                                        8                                        9                                       10                                       11                                       12                                       13                                       14 
                            log_star_age                               luminosity                                   radius                                star_mass                 surface_cell_temperature                           conv_mx1_top_r                             conv_mx1_top                           center_entropy                              max_entropy                                    log_L                                 log_Teff                             log_center_T                           log_center_Rho                                    log_R 
                 3.0564950491902430E+000                  1.2412362716587073E-007                  1.4069879515074421E-001                  9.0133452877088572E-005                  2.8903340086204776E+002                  8.8597324729055987E-002                  9.3471500892739900E-001                  8.4353446237461611E+000                  8.4612838328881725E+000                 -6.9061455418607833E+000                  2.4609478435377876E+000                  4.2324320480750508E+000                 -2.1947717328610564E-001                 -8.5170962155334040E-001 
                 3.1267729575604202E+000                  1.2468243714747500E-007                  1.4070134023906067E-001                  9.0133452877088572E-005                  2.8935542203366464E+002                  8.8594342175269056E-002                  9.3471500892739900E-001                  8.4353144187538120E+000                  8.4576398018766277E+000                 -6.9041947172280871E+000                  2.4614316217738579E+000                  4.2324271206648154E+000                 -2.1947364342059994E-001                 -8.5170176570913270E-001 
                 3.2114011581964026E+000                  1.2324769411036219E-007                  1.4055499708560446E-001                  9.0133452877088572E-005                  2.8866955092700169E+002                  8.8589721358756784E-002                  9.3471500892739900E-001                  8.4352839187097501E+000                  8.4576400368064597E+000                 -6.9092211973611874E+000                  2.4604009736434755E+000                  4.2324228228469565E+000                 -2.1946885312187747E-001                 -8.5215370951491831E-001 
                 3.3010299956639808E+000                  1.2154110648633019E-007                  1.4037730405779619E-001                  9.0133452877088572E-005                  2.8784704066358734E+002                  8.8583852412798841E-002                  9.3471500892739900E-001                  8.4352532152046038E+000                  8.4576403346668592E+000                 -6.9152768142391539E+000                  2.4591617658950806E+000                  4.2324190099311636E+000                 -2.1946310183877341E-001                 -8.5270310245711145E-001 
