                           1                            2                            3                            4                            5 
              version_number                 initial_mass                    initial_z                    burn_min1                    burn_min2 
                       10398      1.0000000000000000E+000      2.0000000000000000E-002      5.0000000000000000E+001      1.0000000000000000E+003 

                                       1                                        2                                        3                                        4                                        5                                        6                                        7                                        8                                        9                                       10                                       11                                       12                                       13                                       14 
                            log_star_age                               luminosity                                   radius                                star_mass                 surface_cell_temperature                           conv_mx1_top_r                             conv_mx1_top                           center_entropy                              max_entropy                                    log_L                                 log_Teff                             log_center_T                           log_center_Rho                                    log_R 
                 3.0564950491902430E+000                  1.6327796942184661E-007                  2.0019227298469783E-001                  9.0133452877088572E-005                  2.5950020857868378E+002                  1.1899500630233663E-001                  9.2799700399305474E-001                  8.4319354824696209E+000                  8.4653685843344100E+000                 -6.7870724092864165E+000                  2.4141376606139535E+000                  4.1561214441200249E+000                 -3.7521408114819971E-001                 -6.9855268941848836E-001 
                 3.1267729575604202E+000                  1.6213654072128499E-007                  2.0003497203794593E-001                  9.0133452877088572E-005                  2.5914729529278907E+002                  1.1898679931769224E-001                  9.2799700399305474E-001                  8.4319044814855193E+000                  8.4633903218523407E+000                 -6.7901190971487893E+000                  2.4135466790187428E+000                  4.1561184915311191E+000                 -3.7520657636067190E-001                 -6.9889407015925342E-001 
                 3.2114011581964026E+000                  1.5983801452156639E-007                  1.9975353129860415E-001                  9.0133452877088572E-005                  2.5840576943292479E+002                  1.1897485883364632E-001                  9.2799700399305474E-001                  8.4318745284846006E+000                  8.4593466132251987E+000                 -6.7963199238108052E+000                  2.4123022044572138E+000                  4.1561168865154743E+000                 -3.7519673502816148E-001                 -6.9950553436720375E-001 
                 3.3010299956639808E+000                  1.5714712661882430E-007                  1.9941564348167112E-001                  9.0133452877088572E-005                  2.5752916441124063E+002                  1.1895977765649760E-001                  9.2799700399305474E-001                  8.4318453829898665E+000                  8.4545601444616025E+000                 -6.8036935554990743E+000                  2.4108264172301199E+000                  4.1561164050136066E+000                 -3.7518491652906372E-001                 -7.0024077575715038E-001 
