                           1                            2                            3                            4                            5 
              version_number                 initial_mass                    initial_z                    burn_min1                    burn_min2 
                       10398      1.0000000000000000E+000      2.0000000000000000E-002      5.0000000000000000E+001      1.0000000000000000E+003 

                                       1                                        2                                        3                                        4                                        5                                        6                                        7                                        8                                        9                                       10                                       11                                       12                                       13                                       14 
                            log_star_age                               luminosity                                   radius                                star_mass                 surface_cell_temperature                           conv_mx1_top_r                             conv_mx1_top                           center_entropy                              max_entropy                                    log_L                                 log_Teff                             log_center_T                           log_center_Rho                                    log_R 
                 3.4981789125485649E+000                  3.3323550892264060E-008                  6.1421120731871177E-002                  4.0058985186674701E-005                  3.1488964743631078E+002                  2.4852511629880749E-002                  4.0043888635897290E-001                  8.3976975166745156E+000                  8.3979637158503184E+000                 -7.4772487272307400E+000                  2.4981583681115480E+000                  4.0893777730162251E+000                 -4.8362461962777104E-001                 -1.2116822633858391E+000 
                 3.5493129248097679E+000                  3.4347812037302243E-008                  6.1671929527576046E-002                  4.0058985186674701E-005                  3.1663609523240262E+002                  6.1170861492911517E-002                  9.9998985208250746E-001                  8.4017719980759757E+000                  8.4020360820966751E+000                 -7.4641009223712489E+000                  2.5005604194356734E+000                  4.0900131062772935E+000                 -4.8428946913688387E-001                 -1.2099124636043446E+000 
                 3.6137504880880513E+000                  3.5015818554136970E-008                  6.1884594462958797E-002                  4.0058985186674701E-005                  3.1761734867188704E+002                  6.1382336073754963E-002                  9.9998985208250746E-001                  8.4083596457278311E+000                  8.4086187483055443E+000                 -7.4557357168273510E+000                  2.5019042143674888E+000                  4.0910583075768994E+000                 -4.8533225590456980E-001                 -1.2084174506960270E+000 
                 3.6924111023456430E+000                  3.5994747151724480E-008                  6.2192634145855796E-002                  4.0058985186674701E-005                  3.1902133361968259E+002                  6.1688695700585140E-002                  9.9998985208250746E-001                  8.4178116092867494E+000                  8.4180592692572489E+000                 -7.4437608728291105E+000                  2.5038197242269820E+000                  4.0925537264741330E+000                 -4.8683462921253134E-001                 -1.2062610484158927E+000 
                 3.7853283553361341E+000                  3.7439751540415338E-008                  6.2639937646466928E-002                  4.0058985186674701E-005                  3.2102362979763876E+002                  6.2133647508302810E-002                  9.9998985208250746E-001                  8.4313510598828856E+000                  8.4315746997090102E+000                 -7.4266670420115126E+000                  2.5065369993527766E+000                  4.0946873121413958E+000                 -4.8899810165087609E-001                 -1.2031486832586828E+000 
                 3.8916416871327808E+000                  3.9594479528659733E-008                  6.3291775061621008E-002                  4.0058985186674701E-005                  3.2386531693751675E+002                  6.2782228522172051E-002                  9.9998985208250746E-001                  8.4506960111474090E+000                  8.4508751944434586E+000                 -7.4023653614828104E+000                  2.5103644398883267E+000                  4.0977184408131544E+000                 -4.9210867435173539E-001                 -1.1986527240654321E+000 
                 4.0039852672079519E+000                  4.2670065730377282E-008                  6.4192935300542361E-002                  4.0058985186674701E-005                  3.2765487223880672E+002                  6.3662846992290870E-002                  9.9998942861608209E-001                  8.4767049982348350E+000                  8.4768179636938612E+000                 -7.3698766881386213E+000                  2.5154166287991040E+000                  4.1017617097565608E+000                 -4.9632408490251895E-001                 -1.1925127652148919E+000 
                 4.1017874320844214E+000                  4.6276174330339481E-008                  6.5212897577857379E-002                  4.0058985186674701E-005                  3.3174320267556902E+002                  6.4678121503445360E-002                  9.9998942861608209E-001                  8.5051505292489544E+000                  8.5052123055255873E+000                 -7.3346425515331299E+000                  2.5208020316108937E+000                  4.1061403069034244E+000                 -5.0098108871290636E-001                 -1.1856665025357254E+000 
                 4.1838804493335280E+000                  5.0224138484852748E-008                  6.6290057549469289E-002                  4.0058985186674701E-005                  3.3584071476590753E+002                  6.5750676403470029E-002                  9.9998942861608209E-001                  8.5341071102502308E+000                  8.5341071102502308E+000                 -7.2990875041463328E+000                  2.5261333441653058E+000                  4.1105482056326164E+000                 -5.0577299115897312E-001                 -1.1785516039511512E+000 
                 4.2537542633610039E+000                  5.4467651088474755E-008                  6.7407952252659276E-002                  4.0058985186674701E-005                  3.3986662133739151E+002                  6.6864097538039902E-002                  9.9998942861608209E-001                  8.5630657044537859E+000                  8.5630657044537557E+000                 -7.2638613532253045E+000                  2.5313085128413086E+000                  4.1149050482048271E+000                 -5.1061385286868866E-001                 -1.1712888658426419E+000 
                 4.3143667225281428E+000                  5.8995471841723058E-008                  6.8561453680504370E-002                  4.0058985186674701E-005                  3.4379066545374195E+002                  6.8013246099427910E-002                  9.9998942861608209E-001                  8.5918570895733630E+000                  8.5918570895733630E+000                 -7.2291813210633080E+000                  2.5362940793698305E+000                  4.1191865827922012E+000                 -5.1547026053977496E-001                 -1.1639199828186886E+000 
                 4.3677521854195609E+000                  6.3798564202028853E-008                  6.9746761147719730E-002                  4.0058985186674701E-005                  3.4759228076120525E+002                  6.9194306538287426E-002                  9.9998942861608198E-001                  8.6203267104536145E+000                  8.6203267104536145E+000                 -7.1951890950429842E+000                  2.5410701219933394E+000                  4.1233738086368632E+000                 -5.2031940668839971E-001                 -1.1564759550555439E+000 
                 4.4153725305754534E+000                  6.8876143488758356E-008                  7.0961603751003757E-002                  4.0058985186674701E-005                  3.5126502825967827E+002                  7.0387299049022453E-002                  9.9998900514965661E-001                  8.6483641438868446E+000                  8.6483641438868446E+000                 -7.1619311778790262E+000                  2.5456349127042150E+000                  4.1274536062487019E+000                 -5.2514789288509733E-001                 -1.1489765778953169E+000 
                 4.4583013819024151E+000                  7.4220353655117485E-008                  7.2204526118879647E-002                  4.0058985186674701E-005                  3.5479538583952018E+002                  7.1625876557175949E-002                  9.9998900514965661E-001                  8.6759112947798176E+000                  8.6759112947798176E+000                 -7.1294769805975813E+000                  2.5499779620563374E+000                  4.1314180039719837E+000                 -5.2994694692542543E-001                 -1.1414355779588383E+000 
                 4.4973395285044893E+000                  7.9829321013910299E-008                  7.3474403068622907E-002                  4.0058985186674701E-005                  3.5818054663002874E+002                  7.2891489014822411E-002                  9.9998900514965661E-001                  8.7029591870198608E+000                  8.7029591870198928E+000                 -7.0978375645929859E+000                  2.5541019938776115E+000                  4.1352654774491926E+000                 -5.3471248353624412E-001                 -1.1338639335990890E+000 
                 4.5330880752249207E+000                  8.5694688987492947E-008                  7.4768976626646597E-002                  4.0058985186674701E-005                  3.6141583582791725E+002                  7.4181884838793469E-002                  9.9998900514965661E-001                  8.7294817254362513E+000                  8.7294817254362513E+000                 -7.0670460930697860E+000                  2.5580071767395922E+000                  4.1389941074626968E+000                 -5.3943729998711543E-001                 -1.1262785635614505E+000 
                 4.5660130182127947E+000                  9.1818831516607597E-008                  7.6086447552589503E-002                  4.0058985186674701E-005                  3.6450937767009884E+002                  7.5475868224720993E-002                  9.9998856075409848E-001                  8.7554238539684857E+000                  8.7554238539684857E+000                 -7.0370682383519458E+000                  2.5617087048737894E+000                  4.1426019638503560E+000                 -5.4411207387270377E-001                 -1.1186926924709248E+000 
                 4.5964913519146666E+000                  9.8183828539102642E-008                  7.7424277633519334E-002                  4.0058985186674701E-005                  3.6745218042204493E+002                  7.6809454726450302E-002                  9.9998856075409848E-001                  8.7807114455707396E+000                  8.7807114455707396E+000                 -7.0079600372087700E+000                  2.5652008278783232E+000                  4.1460840226402746E+000                 -5.4872437526235018E-001                 -1.1111228379084046E+000 
                 4.6248422752077261E+000                  1.0478199891985670E-007                  7.8781026519274142E-002                  4.0058985186674701E-005                  3.7024591128356997E+002                  7.8162115580431249E-002                  9.9998856075409848E-001                  8.8053192994051415E+000                  8.8053192994051415E+000                 -6.9797133207994779E+000                  2.5684902703360120E+000                  4.1494382234925515E+000                 -5.5326854252329927E-001                 -1.1035783646191357E+000 
                 4.6513412430906227E+000                  1.1163405476525213E-007                  8.0157043335808420E-002                  4.0058985186674701E-005                  3.7291319384303387E+002                  7.9514280633859305E-002                  9.9998811635854035E-001                  8.8292839971755939E+000                  8.8292839971755939E+000                 -6.9522033005549311E+000                  2.5716077483483559E+000                  4.1526683249855223E+000                 -5.5774883904596606E-001                 -1.0960583105215507E+000 
                 4.6762312129205865E+000                  1.1872562845241547E-007                  8.1550700211679594E-002                  4.0058985186674701E-005                  3.7544963903898434E+002                  8.0903931959194736E-002                  9.9998811635854035E-001                  8.8526283520939106E+000                  8.8526283520939426E+000                 -6.9254555228813928E+000                  2.5745516903373575E+000                  4.1557759630745554E+000                 -5.6216608455085537E-001                 -1.0885723056627845E+000 
                 4.6997092329151773E+000                  1.2607225643352586E-007                  8.2962635615806593E-002                  4.0058985186674701E-005                  3.7787053645199302E+002                  8.2291888611359568E-002                  9.9998767196298222E-001                  8.8754118319356881E+000                  8.8754118319356579E+000                 -6.8993804741206048E+000                  2.5773430294086399E+000                  4.1587700245084811E+000                 -5.6652934836428626E-001                 -1.0811174594249549E+000 
                 4.7219231992169490E+000                  1.3366452468731299E-007                  8.4391026530323349E-002                  4.0058985186674701E-005                  3.8017654864654918E+002                  8.3716451145501761E-002                  9.9998767196298222E-001                  8.8976205914559898E+000                  8.8976205914559898E+000                 -6.8739838416301575E+000                  2.5799853229867020E+000                  4.1616535946493478E+000                 -5.7083574352201494E-001                 -1.0737037303358561E+000 
                 4.7430193725466587E+000                  1.4150737568839237E-007                  8.5835332192230815E-002                  4.0058985186674701E-005                  3.8237645452994593E+002                  8.5136760137226819E-002                  9.9998722756742409E-001                  8.9192331054344240E+000                  8.9192331054344560E+000                 -6.8492209231270547E+000                  2.5824911413199616E+000                  4.1644307861408540E+000                 -5.7508262158602386E-001                 -1.0663339077508234E+000 
                 4.7631387386986228E+000                  1.4957386355810434E-007                  8.7291566909122903E-002                  4.0058985186674701E-005                  3.8446534749436256E+002                  8.6589453291752244E-002                  9.9998722756742409E-001                  8.9401896217901129E+000                  8.9401896217901129E+000                 -6.8251442881838544E+000                  2.5848572015425644E+000                  4.1670989207928084E+000                 -5.7925876671137522E-001                 -1.0590277107244292E+000 
                 4.7824423879252000E+000                  1.5795770973995853E-007                  8.8772734771521117E-002                  4.0058985186674701E-005                  3.8647804387544750E+002                  8.8045668421327897E-002                  9.9998676122973473E-001                  8.9606585117835404E+000                  8.9606585117835404E+000                 -6.8014591718113406E+000                  2.5871248256978325E+000                  4.1696818150741022E+000                 -5.8339531943802569E-001                 -1.0517204008487080E+000 
                 4.8009624209193946E+000                  1.6659806157946644E-007                  9.0269570763195583E-002                  4.0058985186674701E-005                  3.8839731248461482E+002                  8.9539234044858293E-002                  9.9998676122973473E-001                  8.9805353598295365E+000                  8.9805353598295365E+000                 -6.7783300560519129E+000                  2.5892762155281561E+000                  4.1721660303227326E+000                 -5.8746836753547960E-001                 -1.0444586226296420E+000 
                 4.8187805031097142E+000                  1.7549998623119397E-007                  9.1781850277146845E-002                  4.0058985186674701E-005                  3.9022966958663949E+002                  9.1026689943033381E-002                  9.9998629489204549E-001                  8.9998582559288067E+000                  8.9998582559288067E+000                 -6.7557229132706169E+000                  2.5913202856031945E+000                  4.1745551740820632E+000                 -5.9148133039503981E-001                 -1.0372431913890705E+000 
                 4.8274527860137013E+000                  1.8005902147023016E-007                  9.2543974567136464E-002                  4.0058985186674701E-005                  3.9111913738956792E+002                  9.1787291235271101E-002                  9.9998629489204549E-001                  9.0093266178225928E+000                  9.0093266178225928E+000                 -6.7445851143560827E+000                  2.5923090658423220E+000                  4.1757156262853590E+000                 -5.9346693558329899E-001                 -1.0336518524100580E+000 
