                           1                            2                            3                            4                            5 
              version_number                 initial_mass                    initial_z                    burn_min1                    burn_min2 
                       10398      1.0000000000000000E+000      2.0000000000000000E-002      5.0000000000000000E+001      1.0000000000000000E+003 

                                       1                                        2                                        3                                        4                                        5                                        6                                        7                                        8                                        9                                       10                                       11                                       12                                       13                                       14 
                            log_star_age                               luminosity                                   radius                                star_mass                 surface_cell_temperature                           conv_mx1_top_r                             conv_mx1_top                           center_entropy                              max_entropy                                    log_L                                 log_Teff                             log_center_T                           log_center_Rho                                    log_R 
                 1.4068145527483116E+000                  5.9276002756188328E-008                  5.0254297159699535E-002                  1.5173858025255599E-005                  4.0203377881421937E+002                  4.9651578033469597E-002                  9.9991047009441703E-001                  9.0012036722088808E+000                  9.0128586614689237E+000                 -7.2271210904447427E+000                  2.6042625438827560E+000                  3.8944985669860630E+000                 -1.2702646560081616E+000                 -1.2988267965352567E+000 
                 1.9679159363973675E+000                  5.8740281838063612E-008                  5.0109623801064374E-002                  1.5173858025255599E-005                  4.0170094523971267E+002                  4.9522882647613946E-002                  9.9991313277252414E-001                  8.9976071773090887E+000                  9.0091368687011233E+000                 -7.2310639740470934E+000                  2.6039028535741449E+000                  3.8941634776589975E+000                 -1.2693030085116859E+000                 -1.3000788577192102E+000 
                 2.2784808749157528E+000                  5.7986302219011119E-008                  4.9905135206025367E-002                  1.5173858025255599E-005                  4.0122515522680874E+002                  4.9319331371967451E-002                  9.9991313277252414E-001                  8.9924871376935300E+000                  9.0038390091804885E+000                 -7.2366745852866616E+000                  2.6033881536330963E+000                  3.8936853141450243E+000                 -1.2679362721165641E+000                 -1.3018547634568969E+000 
                 2.5179393611261696E+000                  5.6934540022571779E-008                  4.9618317273636608E-002                  1.5173858025255599E-005                  4.0054596082332631E+002                  4.9033857669167374E-002                  9.9991313277252414E-001                  8.9852315668041403E+000                  8.9963339484113725E+000                 -7.2446241836900240E+000                  2.6026523564143695E+000                  3.8930054054883310E+000                 -1.2660042156129565E+000                 -1.3043579682211246E+000 
                 2.7248549563570355E+000                  5.5486230883030040E-008                  4.9220299322617983E-002                  1.5173858025255599E-005                  3.9957986847693604E+002                  4.8637762096197280E-002                  9.9991313277252414E-001                  8.9750171199419171E+000                  8.9857727405023571E+000                 -7.2558147753173357E+000                  2.6016035991755335E+000                  3.8920436568235770E+000                 -1.2632935951213811E+000                 -1.3078557495571081E+000 
                 2.9140011836943152E+000                  5.3526671671486452E-008                  4.8675940587127278E-002                  1.5173858025255599E-005                  3.9821242067600502E+002                  4.8096139182043945E-002                  9.9991313277252414E-001                  8.9607660442072596E+000                  8.9710448739296442E+000                 -7.2714297605330040E+000                  2.6001148019225302E+000                  3.8906929534455363E+000                 -1.2595298470320349E+000                 -1.3126856476589350E+000 
                 3.0839712394802001E+000                  5.1088375758863433E-008                  4.7986066225193469E-002                  1.5173858025255599E-005                  3.9641708864612394E+002                  4.7439896722063932E-002                  9.9991845812873836E-001                  8.9422196110583450E+000                  8.9518855381508882E+000                 -7.2916779045241578E+000                  2.5981523675741083E+000                  3.8889197388030157E+000                 -1.2546628567234435E+000                 -1.3188848509576687E+000 
                 3.2212374592488380E+000                  4.8547595783864366E-008                  4.7253820957106348E-002                  1.5173858025255599E-005                  3.9441451066305524E+002                  4.6711312011537692E-002                  9.9991845812873836E-001                  8.9219164357215810E+000                  8.9309187776244361E+000                 -7.3138322727313607E+000                  2.5959528843245945E+000                  3.8869586830086948E+000                 -1.2493750107021857E+000                 -1.3255630685622428E+000 
                 3.3336050017777961E+000                  4.6050638425579830E-008                  4.6518806358147050E-002                  1.5173858025255599E-005                  3.9230518754445535E+002                  4.5995016622678658E-002                  9.9992112080684548E-001                  8.9008625947852114E+000                  8.9091819068080955E+000                 -7.3367643445597599E+000                  2.5936240508414961E+000                  3.8849033775352733E+000                 -1.2439355481925509E+000                 -1.3323714375102453E+000 
                 3.4290154579236454E+000                  4.3622193210661531E-008                  4.5790471157593701E-002                  1.5173858025255599E-005                  3.9009352031930746E+002                  4.5270519517866058E-002                  9.9992112080684548E-001                  8.8792999124119820E+000                  8.8869198170546095E+000                 -7.3602925030089699E+000                  2.5911687363785960E+000                  3.8827757528477891E+000                 -1.2384104353123793E+000                 -1.3392248878090500E+000 
                 3.5125707741422860E+000                  4.1270173054665657E-008                  4.5071401436976022E-002                  1.5173858025255599E-005                  3.8778227999290647E+002                  4.4555430749701419E-002                  9.9992112080684548E-001                  8.8572821273294533E+000                  8.8641923130234801E+000                 -7.3843637100290822E+000                  2.5885879596657713E+000                  3.8805798322546949E+000                 -1.2328164355787674E+000                 -1.3460989378934567E+000 
                 3.5874959305425640E+000                  3.9000697246638715E-008                  4.4362490947877933E-002                  1.5173858025255599E-005                  3.8538033445679048E+002                  4.3850592475219684E-002                  9.9992112080684548E-001                  8.8348150602811835E+000                  8.8410089412140920E+000                 -7.4089276286745029E+000                  2.5858895491885368E+000                  3.8783150146175900E+000                 -1.2271578866595736E+000                 -1.3529840762616978E+000 
                 3.6559142708586645E+000                  3.6813477830290398E-008                  4.3663985401528535E-002                  1.5173858025255599E-005                  3.8288596195230565E+002                  4.3183795420640964E-002                  9.9992623344230369E-001                  8.8118905173033291E+000                  8.8173695567566881E+000                 -7.4339931520953932E+000                  2.5830694436398276E+000                  3.8759792111590277E+000                 -1.2214354417234041E+000                 -1.3598766268747251E+000 
                 3.7192689514844006E+000                  3.4702488015589978E-008                  4.2976193938480435E-002                  1.5173858025255599E-005                  3.8028184838807744E+002                  4.2499876461627381E-002                  9.9992623344230369E-001                  8.7885103044340998E+000                  8.7932697448758077E+000                 -7.4596393870907969E+000                  2.5801055960376980E+000                  3.8735713060307231E+000                 -1.2156521321014324E+000                 -1.3667720491681676E+000 
                 3.7785854329167186E+000                  3.2666964324216994E-008                  4.2299445655768791E-002                  1.5173858025255599E-005                  3.7756286678814229E+002                  4.1827067209152240E-002                  9.9992623344230369E-001                  8.7646810979351173E+000                  8.7687048357234278E+000                 -7.4858912217687186E+000                  2.5769892748438727E+000                  3.8710907211663814E+000                 -1.2098120731742485E+000                 -1.3736653241194781E+000 
                 3.8346235995979954E+000                  3.0706249537391425E-008                  4.1634063946401748E-002                  1.5173858025255599E-005                  3.7472417285629450E+002                  4.1165671170212768E-002                  9.9992623344230369E-001                  8.7404084157089539E+000                  8.7436747184754342E+000                 -7.5127732250640165E+000                  2.5737117095032898E+000                  3.8685367516081319E+000                 -1.2039192702004806E+000                 -1.3805511950859608E+000 
                 3.8879588266372509E+000                  2.8820356975389472E-008                  4.0980494778028446E-002                  1.5173858025255599E-005                  3.7176256723622691E+002                  4.0516111095897311E-002                  9.9992623344230369E-001                  8.7156940378967782E+000                  8.7181892893775146E+000                 -7.5403006442200970E+000                  2.5702656583955297E+000                  3.8659081805579265E+000                 -1.1979774294957768E+000                 -1.3874228024484805E+000 
                 3.9390374499330614E+000                  2.7009605765487002E-008                  4.0339181013612141E-002                  1.5173858025255599E-005                  3.6867648763361518E+002                  3.9878810616469966E-002                  9.9992623344230369E-001                  8.6905591080070899E+000                  8.6922736279522432E+000                 -7.5684817547656431E+000                  2.5666454411845261E+000                  3.8632064552965595E+000                 -1.1919930925725450E+000                 -1.3942729232992470E+000 
                 3.9882070518017496E+000                  2.5275963859724617E-008                  3.9710628865242729E-002                  1.5173858025255599E-005                  3.6547103864646942E+002                  3.9279055631698118E-002                  9.9993113335700579E-001                  8.6650188271940412E+000                  8.6661255172620280E+000                 -7.5972922742739213E+000                  2.5628529673127178E+000                  3.8604322589455839E+000                 -1.1859720586735829E+000                 -1.4010932353097700E+000 
                 4.0357414796508584E+000                  2.3618788587797147E-008                  3.9095306807799823E-002                  1.5173858025255599E-005                  3.6214418014398683E+002                  3.8667349340737053E-002                  9.9993113335700579E-001                  8.6390938363959169E+000                  8.6397361745316434E+000                 -7.6267423811986639E+000                  2.5588815100830558E+000                  3.8575869361830692E+000                 -1.1799208911098469E+000                 -1.4078753743128174E+000 
                 4.0818478134854548E+000                  2.2037559225969180E-008                  3.8493776553418055E-002                  1.5173858025255599E-005                  3.5869475891037916E+002                  3.8069414225481386E-002                  9.9993113335700579E-001                  8.6128211311742113E+000                  8.6130018590088913E+000                 -7.6568365075240656E+000                  2.5547250308375951E+000                  3.8546734508700475E+000                 -1.1738491685296863E+000                 -1.4146094789845967E+000 
                 4.1266657347208167E+000                  2.0533526603363424E-008                  3.7906947944804772E-002                  1.5173858025255599E-005                  3.5512880115411588E+002                  3.7486156539584391E-002                  9.9993113335700579E-001                  8.5862515837927091E+000                  8.5863866103827515E+000                 -7.6875364547770273E+000                  2.5503858950950047E+000                  3.8516962279403510E+000                 -1.1677700242510327E+000                 -1.4212811811258963E+000 
                 4.1702731691886861E+000                  1.9108709031015778E-008                  3.7336117002244144E-002                  1.5173858025255599E-005                  3.5145739105462212E+002                  3.6918868602372319E-002                  9.9993113335700579E-001                  8.5594429402320795E+000                  8.5596142921237313E+000                 -7.7187686525391586E+000                  2.5458726806656511E+000                  3.8486603892802620E+000                 -1.1616995105182897E+000                 -1.4278708511482543E+000 
                 4.2127789151127422E+000                  1.7763059814078734E-008                  3.6781818478454756E-002                  1.5173858025255599E-005                  3.4769005169266109E+002                  3.6368095036041687E-002                  9.9993113335700579E-001                  8.5324682781826287E+000                  8.5326695413844540E+000                 -7.7504822217831704E+000                  2.5411922643909994E+000                  3.8455744506604641E+000                 -1.1556528615181709E+000                 -1.4343668032209578E+000 
                 4.2543297066425732E+000                  1.6494157525527963E-008                  3.6243660051725690E-002                  1.5173858025255599E-005                  3.4383171127108341E+002                  3.5833458026930970E-002                  9.9993113335700579E-001                  8.5053337337931598E+000                  8.5055587976264260E+000                 -7.7826698620742780E+000                  2.5363459285695158E+000                  3.8424388021386608E+000                 -1.1496326821182825E+000                 -1.4407679517235441E+000 
                 4.2950581570365864E+000                  1.5298919514715145E-008                  3.5721008247641482E-002                  1.5173858025255599E-005                  3.3988559135641572E+002                  3.5314341786230344E-002                  9.9993113335700579E-001                  8.4780419847056301E+000                  8.4782854604369948E+000                 -7.8153392401214159E+000                  2.5313327538854744E+000                  3.8392536748402915E+000                 -1.1436399685460130E+000                 -1.4470762913790296E+000 
                 4.3350332083491852E+000                  1.4175004674245741E-008                  3.5213775010559986E-002                  1.5173858025255599E-005                  3.3585663204739683E+002                  3.4810677564014368E-002                  9.9993113335700590E-001                  8.4506334632235500E+000                  8.4508907185888358E+000                 -7.8484767892252636E+000                  2.5261539283739056E+000                  3.8360236640399528E+000                 -1.1376827156531950E+000                 -1.4532874149078159E+000 
                 4.3743220714683009E+000                  1.3120572638286521E-008                  3.4721769957555243E-002                  1.5173858025255599E-005                  3.3175439745944095E+002                  3.4322308487860879E-002                  9.9993113335700590E-001                  8.4231221255053885E+000                  8.4234104359504549E+000                 -7.8820472100654762E+000                  2.5208166879990892E+000                  3.8327494308572461E+000                 -1.1317643996975411E+000                 -1.4593981445782893E+000 
                 4.4130473954983440E+000                  1.2132347650578219E-008                  3.4244140563756804E-002                  1.5173858025255599E-005                  3.2758385890064284E+002                  3.3848406152321715E-002                  9.9993113335700590E-001                  8.3955011345769730E+000                  8.3963639281065738E+000                 -7.9160551535406896E+000                  2.5153224943141557E+000                  3.8294298331920058E+000                 -1.1258821855360406E+000                 -1.4654137289460296E+000 
                 4.4513068256506969E+000                  1.1207783844613294E-008                  3.3780265522029264E-002                  1.5173858025255599E-005                  3.2335369319794256E+002                  3.3388375356279205E-002                  9.9993113335700590E-001                  8.3677849021922714E+000                  8.3717743025757034E+000                 -7.9504802535250043E+000                  2.5096778253847769E+000                  3.8260667457843414E+000                 -1.1200374373637207E+000                 -1.4713369410794290E+000 
                 4.4891612363624889E+000                  1.0344564684537585E-008                  3.3329748283870760E-002                  1.5173858025255599E-005                  3.1907402916451889E+002                  3.2941858925063884E-002                  9.9993113335700590E-001                  8.3399735561819899E+000                  8.3468602013581172E+000                 -7.9852877804048221E+000                  2.5038914562489190E+000                  3.8226597591667493E+000                 -1.1142317080300637E+000                 -1.4771679662476227E+000 
                 4.5266763294775885E+000                  9.5396085257097766E-009                  3.2891927352321625E-002                  1.5173858025255599E-005                  3.1475120073601613E+002                  3.2508222692165710E-002                  9.9993113335700590E-001                  8.3120553165738400E+000                  8.3215514636582455E+000                 -8.0204694469533919E+000                  2.4979673953022212E+000                  3.8192074622719456E+000                 -1.1084642293811631E+000                 -1.4829106776285121E+000 
                 4.5638729571673666E+000                  8.7908997368967240E-009                  3.2466553555128529E-002                  1.5173858025255599E-005                  3.1039852986216454E+002                  3.2087245476545845E-002                  9.9993113335700590E-001                  8.2840486075295701E+000                  8.2958486353194747E+000                 -8.0559666731887614E+000                  2.4919196553763774E+000                  3.8157123488027405E+000                 -1.1027393717688203E+000                 -1.4885638108945096E+000 
                 4.6007613613807941E+000                  8.0960503881247500E-009                  3.2053509773889759E-002                  1.5173858025255599E-005                  3.0602712610176451E+002                  3.1678829912783001E-002                  9.9993113335700590E-001                  8.2559818232368354E+000                  8.2697072235863534E+000                 -8.0917267975378184E+000                  2.4857599235684504E+000                  3.8121779090724250E+000                 -1.0970620965009408E+000                 -1.4941244094531838E+000 
                 4.6374261370052272E+000                  7.4525132112882602E-009                  3.1651837560202442E-002                  1.5173858025255599E-005                  3.0165160683254942E+002                  3.1291798822535334E-002                  9.9993358331435700E-001                  8.2278188271224675E+000                  8.2430553502098753E+000                 -8.1276972454081111E+000                  2.4795056427609428E+000                  3.8085993823787092E+000                 -1.0914243707788001E+000                 -1.4996010717733146E+000 
                 4.6739098610912446E+000                  6.8565055656647975E-009                  3.1261070455739594E-002                  1.5173858025255599E-005                  2.9727145180017203E+002                  3.0905978639008447E-002                  9.9993358331435711E-001                  8.1995492037361419E+000                  8.2158397252238036E+000                 -8.1638971671228600E+000                  2.4731532038224850E+000                  3.8049751891684149E+000                 -1.0858242954996125E+000                 -1.5049961547537736E+000 
                 4.7102141189543882E+000                  6.3063991329005218E-009                  3.0881222334553975E-002                  1.5173858025255599E-005                  2.9290550960490987E+002                  3.0540754153458496E-002                  9.9993603327170821E-001                  8.1711878627276615E+000                  8.1883251045351013E+000                 -8.2002185461585650E+000                  2.4667275406047318E+000                  3.8013070229308474E+000                 -1.0802656063765039E+000                 -1.5103055178361191E+000 
                 4.7463911893629751E+000                  5.7965374570262908E-009                  3.0511767149997312E-002                  1.5173858025255599E-005                  2.8852795625346425E+002                  3.0176258085710755E-002                  9.9993603327170810E-001                  8.1427128065224750E+000                  8.1605619723205134E+000                 -8.2368313533942192E+000                  2.4601878991757369E+000                  3.7975917159736157E+000                 -1.0747444923684959E+000                 -1.5155326385959571E+000 
                 4.7824571551254706E+000                  5.3264392714377416E-009                  3.0152568639867587E-002                  1.5173858025255599E-005                  2.8416887381303843E+002                  2.9831262532010294E-002                  9.9993848322905921E-001                  8.1141261083544425E+000                  8.1329095327059147E+000                 -8.2735630201549206E+000                  2.4535765058018439E+000                  3.7938288459391352E+000                 -1.0692605373048176E+000                 -1.5206756852285224E+000 
                 4.8184388492011108E+000                  4.8919844313231982E-009                  2.9803458225333694E-002                  1.5173858025255599E-005                  2.7981265679314220E+002                  2.9495954115727557E-002                  9.9994093318641031E-001                  8.0854307716575757E+000                  8.1055872603169750E+000                 -8.3105149337700901E+000                  2.4468673547416211E+000                  3.7900170448063459E+000                 -1.0638117270154204E+000                 -1.5257333399156603E+000 
                 4.8543585381885910E+000                  4.4900857724323905E-009                  2.9464391068348052E-002                  1.5173858025255599E-005                  2.7545099332069822E+002                  2.9160858848997689E-002                  9.9994093318641042E-001                  8.0566421370735828E+000                  8.0789403470209518E+000                 -8.3477453627520664E+000                  2.4400443424926426E+000                  3.7861557354599520E+000                 -1.0583973858845603E+000                 -1.5307025299086925E+000 
                 4.8902268730818337E+000                  4.1179261804485437E-009                  2.9135362082040449E-002                  1.5173858025255599E-005                  2.7107461398678066E+002                  2.8851831148492178E-002                  9.9994533190087576E-001                  8.0277809906338273E+000                  8.0532756499761007E+000                 -8.3853214429805423E+000                  2.4330888476366352E+000                  3.7822445172358794E+000                 -1.0530183902296903E+000                 -1.5355795803109156E+000 
                 4.9260585680440983E+000                  3.7731254798978985E-009                  2.8816006738128019E-002                  1.5173858025255599E-005                  2.6667839471698215E+002                  2.8542608813705826E-002                  9.9994728065798999E-001                  7.9988663398717490E+000                  8.0285103618788902E+000                 -8.4232987515652145E+000                  2.4259878318211232E+000                  3.7782864128784137E+000                 -1.0476782671505862E+000                 -1.5403662029722280E+000 
                 4.9618612019868067E+000                  3.4540688505144822E-009                  2.8505868083648783E-002                  1.5173858025255599E-005                  2.6226783467431039E+002                  2.8234817145353863E-002                  9.9994728065798977E-001                  7.9698884846428042E+000                  8.0043588022869407E+000                 -8.4616690098199498E+000                  2.4187450302579241E+000                  3.7742852000249094E+000                 -1.0423806628927259E+000                 -1.5450657289731968E+000 
                 4.9976474676476546E+000                  3.1597027356062486E-009                  2.8204383640081408E-002                  1.5173858025255599E-005                  2.5785922229676203E+002                  2.7942808662760995E-002                  9.9994922941510400E-001                  7.9408166013000692E+000                  7.9804108844058792E+000                 -8.5003537738241750E+000                  2.4113826680796864E+000                  3.7702418934620114E+000                 -1.0371258272151871E+000                 -1.5496833866188342E+000 
                 5.0334539323870660E+000                  2.8887252549848327E-009                  2.7910734902375882E-002                  1.5173858025255599E-005                  2.5346636835112088E+002                  2.7658614446395349E-002                  9.9995117817221824E-001                  7.9116050546417966E+000                  7.9561575437184286E+000                 -8.5392937616926936E+000                  2.4039203418976869E+000                  3.7661536911030988E+000                 -1.0319096353900423E+000                 -1.5542287281890945E+000 
                 5.0692823949481607E+000                  2.6400111613375722E-009                  2.7624363805845879E-002                  1.5173858025255599E-005                  2.4910630332610623E+002                  2.7374611686997466E-002                  9.9995117817221824E-001                  7.8822393835668834E+000                  7.9311341800729700E+000                 -8.5783942370327928E+000                  2.3963847165046466E+000                  3.7620205940577436E+000                 -1.0267319505939869E+000                 -1.5587077150730626E+000 
                 5.1051246732593150E+000                  2.4107244861334158E-009                  2.7345683431878837E-002                  1.5173858025255599E-005                  2.4474956158976454E+002                  2.7098315125723801E-002                  9.9995117817221812E-001                  7.8527725130043358E+000                  7.9060216182062684E+000                 -8.6178524208913654E+000                  2.3887219220685174E+000                  3.7578455864843194E+000                 -1.0215960965733561E+000                 -1.5631112181300917E+000 
                 5.1409502122256807E+000                  2.1967771995075685E-009                  2.7076376239872937E-002                  1.5173858025255599E-005                  2.4031487396322905E+002                  2.6830649421434021E-002                  9.9995117817221835E-001                  7.8233814536726953E+000                  7.8828748458828741E+000                 -8.6582139876544044E+000                  2.3807806512089544E+000                  3.7536395924148072E+000                 -1.0165141835209295E+000                 -1.5674094597924837E+000 
                 5.1766801277750192E+000                  1.9966147837912231E-009                  2.6817797567079464E-002                  1.5173858025255599E-005                  2.3577156990847934E+002                  2.6572701012202320E-002                  9.9995117817221835E-001                  7.7943128564866297E+000                  7.8624746813044872E+000                 -8.6997057175086141E+000                  2.3724914347487136E+000                  3.7494238239636091E+000                 -1.0115097447551051E+000                 -1.5715768917991073E+000 
                 5.2123848475881998E+000                  1.8164418925518389E-009                  2.6564913944943022E-002                  1.5173858025255599E-005                  2.3135590541363862E+002                  2.6315196717539017E-002                  9.9994922941510411E-001                  7.7656092285470377E+000                  7.8378935204110540E+000                 -8.7407784905332946E+000                  2.3642805889012597E+000                  3.7451877396948041E+000                 -1.0065698311533231E+000                 -1.5756915866165409E+000 
                 5.2482759825523218E+000                  1.6609789472709306E-009                  2.6310323156134605E-002                  1.5173858025255599E-005                  2.2733031806515888E+002                  2.6067093014606819E-002                  9.9994922941510422E-001                  7.7371236777356973E+000                  7.8007798293119324E+000                 -8.7796358721494521E+000                  2.3566573590221123E+000                  3.7408891066117360E+000                 -1.0016440533059641E+000                 -1.5798738176663245E+000 
                 5.2839765582036904E+000                  1.5296247158122535E-009                  2.6056605659522638E-002                  1.5173858025255599E-005                  2.2377765662363728E+002                  2.5829391374013716E-002                  9.9995117817221846E-001                  7.7090497830442457E+000                  7.7544038144591267E+000                 -8.8154151076424014E+000                  2.3498167211100021E+000                  3.7365428463490584E+000                 -9.9675010505758543E-001                 -1.5840821595885783E+000 
                 5.3192857916744209E+000                  1.4154875933888389E-009                  2.5809039708588947E-002                  1.5173858025255599E-005                  2.2053118577910976E+002                  2.5603897361429238E-002                  9.9995507568644704E-001                  7.6813014072513042E+000                  7.7084462789427901E+000                 -8.8490939328311136E+000                  2.3434700121154388E+000                  3.7321510047112958E+000                 -9.9189090163992355E-001                 -1.5882281541938077E+000 
                 5.3543039201317582E+000                  1.3125861158404704E-009                  2.5568918764449736E-002                  1.5173858025255599E-005                  2.1742285219058164E+002                  2.5387347446009189E-002                  9.9995994757923279E-001                  7.6535981417591064E+000                  7.6675741633652974E+000                 -8.8818721938972871E+000                  2.3373051880728370E+000                  3.7276910046986882E+000                 -9.8704222318104429E-001                 -1.5922876366416916E+000 
                 5.3891337356938420E+000                  1.2197284634282673E-009                  2.5335338127983182E-002                  1.5173858025255599E-005                  2.1445286667292405E+002                  2.5175757168490298E-002                  9.9996481947201843E-001                  7.6256803607948962E+000                  7.6324048041575177E+000                 -8.9137368414238001E+000                  2.3313318554686551E+000                  3.7231411733429600E+000                 -9.8218231821657975E-001                 -1.5962732951965841E+000 
                 5.4238839256247955E+000                  1.1474559496038155E-009                  2.5105434352823978E-002                  1.5173858025255599E-005                  2.1216783974732817E+002                  2.5011013575968546E-002                  9.9998133980806525E-001                  7.5970418822966330E+000                  7.6061685286512555E+000                 -8.9402639778701740E+000                  2.3266795539746319E+000                  3.7184375301372175E+000                 -9.7724657596288922E-001                 -1.6002322604317245E+000 
                 5.4584364986261296E+000                  1.0777477305694518E-009                  2.4877556903914962E-002                  1.5173858025255599E-005                  2.0982384147230206E+002                  2.4786749456634581E-002                  9.9998176334246991E-001                  7.5676080620392439E+000                  7.5805399900148256E+000                 -8.9674828829739130E+000                  2.3218548333328815E+000                  3.7135798624829564E+000                 -9.7224139316989810E-001                 -1.6041922717000927E+000 
                 5.4923968151997222E+000                  1.0103568530258340E-009                  2.4654861506401712E-002                  1.5173858025255599E-005                  2.0739430805731911E+002                  2.4564042399111554E-002                  9.9998133980806525E-001                  7.5377934914185101E+000                  7.5552818577541698E+000                 -8.9955252084670718E+000                  2.3167968324523702E+000                  3.7086335387928893E+000                 -9.6723795698071147E-001                 -1.6080974326856499E+000 
                 5.5257133255329958E+000                  9.4490921633309990E-010                  2.4438477618920033E-002                  1.5173858025255599E-005                  2.0485183844000838E+002                  2.4345912154785165E-002                  9.9998049273925582E-001                  7.5077895693011678E+000                  7.5304902689421827E+000                 -9.0246099150246195E+000                  2.3114398653276029E+000                  3.7036236482503093E+000                 -9.6226222898355229E-001                 -1.6119258517148884E+000 
                 5.5584569104853045E+000                  8.8131234892751965E-010                  2.4228743412949991E-002                  1.5173858025255599E-005                  2.0218383843360002E+002                  2.4134372015517568E-002                  9.9997964567044639E-001                  7.4777237137760997E+000                  7.5064653540952868E+000                 -9.0548701445113693E+000                  2.3057464367501739E+000                  3.6985604649900186E+000                 -9.5732355895267263E-001                 -1.6156691093034059E+000 
                 5.5907330915575040E+000                  8.1893239577151425E-010                  2.4025663629259255E-002                  1.5173858025255599E-005                  1.9934426024838430E+002                  2.3926367050495140E-002                  9.9997795153282754E-001                  7.4477089034079613E+000                  7.4830920985756428E+000                 -9.0867519484901500E+000                  2.2996037348784406E+000                  3.6934510371413882E+000                 -9.5242787689526476E-001                 -1.6193246075493293E+000 
                 5.6226372560520854E+000                  7.5884006017153285E-010                  2.3829107865884065E-002                  1.5173858025255599E-005                  1.9638715997043548E+002                  2.3727927435612126E-002                  9.9997710446401822E-001                  7.4177952868791772E+000                  7.4604709342254880E+000                 -9.1198497501974440E+000                  2.2931130890919826E+000                  3.6883035164826601E+000                 -9.4758292583738868E-001                 -1.6228922168300606E+000 
                 5.6542710823372113E+000                  7.0143064684999420E-010                  2.3638396641692750E-002                  1.5173858025255599E-005                  1.9333772114365553E+002                  2.3529777428696119E-002                  9.9997456325758993E-001                  7.3879618380926768E+000                  7.4377280665651408E+000                 -9.1540152628812734E+000                  2.2863165946856570E+000                  3.6831190221851648E+000                 -9.4278883937975444E-001                 -1.6263819843593244E+000 
                 5.6857095716092863E+000                  6.4688587350835446E-010                  2.3453016540116795E-002                  1.5173858025255599E-005                  1.9021159212036767E+002                  2.3345653668074038E-002                  9.9997456325758993E-001                  7.3582108304252927E+000                  7.4139917808050981E+000                 -9.1891723327431993E+000                  2.2792369801189540E+000                  3.6779005054550975E+000                 -9.3804592806447151E-001                 -1.6298012901568810E+000 
                 5.7170067078966476E+000                  5.9570300280628400E-010                  2.3272677897122264E-002                  1.5173858025255599E-005                  1.8705257313094498E+002                  2.3160608810816177E-002                  9.9997261450047559E-001                  7.3285508762491052E+000                  7.3892754335005826E+000                 -9.2249702107137903E+000                  2.2719636861728714E+000                  3.6726487316956051E+000                 -9.3335292264998604E-001                 -1.6331536412500121E+000 
                 5.7482127388274362E+000                  5.4762923587670702E-010                  2.3097467420870710E-002                  1.5173858025255599E-005                  1.8385222649162384E+002                  2.2981065323978846E-002                  9.9997066574336135E-001                  7.2989869365049724E+000                  7.3642385737661415E+000                 -9.2615133745610567E+000                  2.2644688929828001E+000                  3.6673655891170251E+000                 -9.2871213947951115E-001                 -1.6364356367935027E+000 
                 5.7793817972998207E+000                  5.0199855119659128E-010                  2.2927521904248724E-002                  1.5173858025255599E-005                  1.8056204978788389E+002                  2.2812599148734496E-002                  9.9997066574336135E-001                  7.2695352364459778E+000                  7.3391139230320004E+000                 -9.2992975362578356E+000                  2.2566264756470704E+000                  3.6620569603646769E+000                 -9.2412911405239229E-001                 -1.6396428829704324E+000 
                 5.8105738657649528E+000                  4.5916586082885461E-010                  2.2762661657655135E-002                  1.5173858025255599E-005                  1.7721900546687451E+002                  2.2643693514163600E-002                  9.9996871698624690E-001                  7.2401911057877060E+000                  7.3140949606620742E+000                 -9.3380304093836184E+000                  2.2485102943201443E+000                  3.6567248642356232E+000                 -9.1960312529564359E-001                 -1.6427769568794712E+000 
                 5.8418400862022759E+000                  4.1917829382519430E-010                  2.2602594850702786E-002                  1.5173858025255599E-005                  1.7384010080273421E+002                  2.2479886249434158E-002                  9.9996676822913266E-001                  7.2109779171558008E+000                  7.2888388398317359E+000                 -9.3776012143735930E+000                  2.2401499644253309E+000                  3.6513710939023598E+000                 -9.1513301329730079E-001                 -1.6458416995848313E+000 
                 5.8732210304827932E+000                  3.8185155045932875E-010                  2.2447129734970383E-002                  1.5173858025255599E-005                  1.7042081984661721E+002                  2.2326003121515801E-002                  9.9996676822913255E-001                  7.1819278519358534E+000                  7.2629123826593567E+000                 -9.4181054416606642E+000                  2.2315226495057687E+000                  3.6459997260664871E+000                 -9.1072181685616216E-001                 -1.6488391833892435E+000 
                 5.9047509327964169E+000                  3.4731462848724244E-010                  2.2296035520475061E-002                  1.5173858025255599E-005                  1.6699226838436979E+002                  2.2171683751024525E-002                  9.9996481947201843E-001                  7.1530252488194961E+000                  7.2362182139071622E+000                 -9.4592769243267423E+000                  2.2226963633480219E+000                  3.6406113818623593E+000                 -9.0637037799022768E-001                 -1.6517723524067891E+000 
                 5.9364661936140175E+000                  3.1544675043107595E-010                  2.2149116459915071E-002                  1.5173858025255599E-005                  1.6356211967849563E+002                  2.2024257522661166E-002                  9.9996384509346126E-001                  7.1242436516034191E+000                  7.2085949241144514E+000                 -9.5010739421116064E+000                  2.2136827293655186E+000                  3.6352065414358457E+000                 -9.0207729280324278E-001                 -1.6546435933342141E+000 
                 5.9684181460788217E+000                  2.8619445119310029E-010                  2.2006048496882220E-002                  1.5173858025255599E-005                  1.6014879987467012E+002                  2.1883185778871141E-002                  9.9996384509346137E-001                  7.0955495105348367E+000                  7.1799892110502528E+000                 -9.5433387907005560E+000                  2.2045236876903735E+000                  3.6297783608450671E+000                 -8.9783500113662473E-001                 -1.6574579342783982E+000 
                 6.0006130836962583E+000                  2.5945261453201144E-010                  2.1866696911368267E-002                  1.5173858025255599E-005                  1.5676616680391552E+002                  2.1743732003692999E-002                  9.9996287071490420E-001                  7.0669551764624021E+000                  7.1285474125353492E+000                 -9.5859419485146145E+000                  2.1952523384244338E+000                  3.6243268527046952E+000                 -8.9364253176415342E-001                 -1.6602168146535481E+000 
                 6.0329618987592797E+000                  2.3511118648545496E-010                  2.1731359389125959E-002                  1.5173858025255599E-005                  1.5342788391807056E+002                  2.1610664400790080E-002                  9.9996287071490420E-001                  7.0385483087946108E+000                  7.0637555845864890E+000                 -9.6287267068455957E+000                  2.1859042944446077E+000                  3.6188699312766994E+000                 -8.8951279646028392E-001                 -1.6629131058593862E+000 
                 6.0649560531602491E+000                  2.1329442162019291E-010                  2.1601996534104658E-002                  1.5173858025255599E-005                  1.5018527267141175E+002                  2.1480398864016977E-002                  9.9996140914706844E-001                  7.0107331377369073E+000                  7.0131165951509420E+000                 -9.6710205026905065E+000                  2.1766273465228076E+000                  3.6134902553433288E+000                 -8.8550597990708368E-001                 -1.6655061079382425E+000 
                 6.0962509752425547E+000                  1.9392336456472191E-010                  2.1479632119794579E-002                  1.5173858025255599E-005                  1.4706981089656659E+002                  2.1360276060820953E-002                  9.9996140914706844E-001                  6.9837799014712507E+000                  6.9843743965279748E+000                 -9.7123698624518404E+000                  2.1675235331338443E+000                  3.6082426683806723E+000                 -8.8165742604907693E-001                 -1.6679731610409818E+000 
                 6.1267738337017406E+000                  1.7691737488225000E-010                  2.1363886965458188E-002                  1.5173858025255599E-005                  1.4412253918626962E+002                  2.1251856715430523E-002                  9.9996384509346137E-001                  6.9577224029338733E+000                  6.9583399380463984E+000                 -9.7522295133596977E+000                  2.1587319041427171E+000                  3.6031335547300309E+000                 -8.7796525559289629E-001                 -1.6703197285126568E+000 
                 6.1565290514604118E+000                  1.6227539492108515E-010                  2.1253907781606730E-002                  1.5173858025255599E-005                  1.4140774341527714E+002                  2.1152423513046078E-002                  9.9996774260768995E-001                  6.9324859675875263E+000                  6.9331413117529168E+000                 -9.7897473252759362E+000                  2.1504731909621588E+000                  3.5981478972765046E+000                 -8.7441333496844464E-001                 -1.6725612081096590E+000 
                 6.1855356917470381E+000                  1.4978611089336292E-010                  2.1148774266525613E-002                  1.5173858025255599E-005                  1.3894876928152470E+002                  2.1055914141508144E-002                  9.9997066574336146E-001                  6.9079481067866206E+000                  6.9086530414755449E+000                 -9.8245284552748906E+000                  2.1428547035333887E+000                  3.5932643408520497E+000                 -8.7098272761867057E-001                 -1.6747147982515955E+000 
                 6.2135088065370718E+000                  1.3929151922126440E-010                  2.1048851935947972E-002                  1.5173858025255599E-005                  1.3677174293259819E+002                  2.0971008894643831E-002                  9.9997625739520890E-001                  6.8842032004658744E+000                  6.8849609711811475E+000                 -9.8560753248361177E+000                  2.1359963804345252E+000                  3.5885058959413612E+000                 -8.6768650938307657E-001                 -1.6767715868344835E+000 
                 6.2408435995155482E+000                  1.3024676444645162E-010                  2.0952277518847876E-002                  1.5173858025255599E-005                  1.3480485576936755E+002                  2.0882491909146747E-002                  9.9997879860163708E-001                  6.8608311676264631E+000                  6.8617023018318770E+000                 -9.8852330565160020E+000                  2.1297055351929899E+000                  3.5837904325522065E+000                 -8.6446373751355921E-001                 -1.6787687621913550E+000 
                 6.2677150606843597E+000                  1.2230605323953432E-010                  2.0858139652958713E-002                  1.5173858025255599E-005                  1.3300060657134355E+002                  2.0794319695220123E-002                  9.9998049273925593E-001                  6.8376623347054615E+000                  6.8386385603080777E+000                 -9.9125520480865994E+000                  2.1238536207577678E+000                  3.5790829154342720E+000                 -8.6128640813773916E-001                 -1.6807244291062082E+000 
                 6.2949482382436752E+000                  1.1503745928270137E-010                  2.0763396023701187E-002                  1.5173858025255599E-005                  1.3127742387055980E+002                  2.0705521652247132E-002                  9.9998218687687468E-001                  6.8139472389089866E+000                  6.8150162981242834E+000                 -9.9391607186830964E+000                  2.1181900448504369E+000                  3.5742266274800087E+000                 -8.5804983639037447E-001                 -1.6827016125897953E+000 
                 6.3230598200404655E+000                  1.0810389973897620E-010                  2.0666200117995227E-002                  1.5173858025255599E-005                  1.2955657074871885E+002                  2.0610035516890505E-002                  9.9998218687687468E-001                  6.7891635807678226E+000                  6.7903103572790515E+000                 -9.9661586390293913E+000                  2.1124594432200072E+000                  3.5691089861072900E+000                 -8.5468566449460792E-001                 -1.6847393695020847E+000 
                 6.3521806604831674E+000                  1.0130368256059963E-010                  2.0566188413498040E-002                  1.5173858025255599E-005                  1.2777880499440379E+002                  2.0513845408568515E-002                  9.9998303394568411E-001                  6.7631434805658897E+000                  6.7644360132796022E+000                 -9.9943747670120935E+000                  2.1064588213738844E+000                  3.5636883590637023E+000                 -8.5117419199192046E-001                 -1.6868461898011886E+000 
                 6.3823620241283434E+000                  9.4699980987228605E-011                  2.0463414896904644E-002                  1.5173858025255599E-005                  1.2595860355932737E+002                  2.0414814427871485E-002                  9.9998388101449354E-001                  6.7358739093022040E+000                  6.7373033842163474E+000                 -1.0023650108189361E+001                  2.1002278363362343E+000                  3.5579531024178763E+000                 -8.4751195882658770E-001                 -1.6890218903145229E+000 
                 6.4136255790774603E+000                  8.8293771699163787E-011                  2.0357952776502108E-002                  1.5173858025255599E-005                  1.2409231456063092E+002                  2.0310988738888907E-002                  9.9998388101449354E-001                  6.7073074535534882E+000                  6.7246598852773269E+000                 -1.0054069930760889E+001                  2.0937448842285660E+000                  3.5518808952878227E+000                 -8.4369229141332924E-001                 -1.6912658973849499E+000 
                 6.4453016058886234E+000                  8.2145550996267676E-011                  2.0252183938812795E-002                  1.5173858025255599E-005                  1.2219107882860737E+002                  2.0208713558514405E-002                  9.9998472808330297E-001                  6.6780264857679850E+000                  6.7187582265707393E+000                 -1.0085415952984771E+001                  2.0870394983916145E+000                  3.5455894902429388E+000                 -8.3979781623921068E-001                 -1.6935281368229886E+000 
                 6.4767315500897711E+000                  7.6141487298190036E-011                  2.0148509133836937E-002                  1.5173858025255599E-005                  1.2020244448058730E+002                  2.0104654044287108E-002                  9.9998388101449354E-001                  6.6485863422779072E+000                  6.7106147092587163E+000                 -1.0118378644213426E+001                  2.0799132989046627E+000                  3.5392030622343409E+000                 -8.3591134472313244E-001                 -1.6957570834634113E+000 
                 6.5077716124327241E+000                  7.0772898334033184E-011                  2.0047652929061632E-002                  1.5173858025255599E-005                  1.1832169892673554E+002                  2.0005149063537241E-002                  9.9998388101449354E-001                  6.6191769123985154E+000                  6.7054869231952310E+000                 -1.0150133018543352E+001                  2.0730643960506061E+000                  3.5327711152341954E+000                 -8.3205877416586282E-001                 -1.6979364649202615E+000 
                 6.5385508238975802E+000                  6.5443853218388532E-011                  1.9949033477194480E-002                  1.5173858025255599E-005                  1.1631499462354581E+002                  1.9906166429033353E-002                  9.9998303394568411E-001                  6.5897798484799228E+000                  6.6996104867113928E+000                 -1.0184131138092564E+001                  2.0656357041351323E+000                  3.5262884803403622E+000                 -8.2823675706186928E-001                 -1.7000781408639196E+000 
                 6.5689898788973489E+000                  6.0623584866486485E-011                  1.9853214656807779E-002                  1.5173858025255599E-005                  1.1438640300832687E+002                  1.9811608838165292E-002                  9.9998303394568411E-001                  6.5604774698729296E+000                  6.6931718614045295E+000                 -1.0217358385987190E+001                  2.0583744025860695E+000                  3.5197824025279894E+000                 -8.2446052633049138E-001                 -1.7021691617131081E+000 
                 6.5992103359347478E+000                  5.6147105853268684E-011                  1.9759749299779548E-002                  1.5173858025255599E-005                  1.1247876720055564E+002                  1.9717722977666680E-002                  9.9998218687687468E-001                  6.5310322581146387E+000                  6.6870904247809202E+000                 -1.0250672624876234E+001                  2.0510705469020230E+000                  3.5132167927116482E+000                 -8.2070946066766337E-001                 -1.7042185697895362E+000 
                 6.6292428558076191E+000                  5.2025660587043097E-011                  1.9668555748568285E-002                  1.5173858025255599E-005                  1.1061081296829126E+002                  1.9626880494486146E-002                  9.9998176334247002E-001                  6.5014568292491512E+000                  6.6809464307073725E+000                 -1.0283782396700452E+001                  2.0437975835108331E+000                  3.5065852334879128E+000                 -8.1698069126459816E-001                 -1.7062275289192654E+000 
                 6.6591356231499796E+000                  4.8159399117714497E-011                  1.9579416861005488E-002                  1.5173858025255599E-005                  1.0874262374550077E+002                  1.9536620105310636E-002                  9.9998049273925593E-001                  6.4718579785755210E+000                  6.6643808938406446E+000                 -1.0317318940385796E+001                  2.0363998066541908E+000                  3.4999038274579379E+000                 -8.1328050007759589E-001                 -1.7082002470486535E+000 
                 6.6888761426042196E+000                  4.4546602702688515E-011                  1.9492435897621681E-002                  1.5173858025255599E-005                  1.0688087703776783E+002                  1.9450712000663291E-002                  9.9998049273925593E-001                  6.4422331825674535E+000                  6.6362087680242183E+000                 -1.0351185411351803E+001                  2.0289000080462762E+000                  3.4931862789561294E+000                 -8.0961493508548155E-001                 -1.7101338853158268E+000 
                 6.7185025775373441E+000                  4.1173054206605455E-011                  1.9407478176469626E-002                  1.5173858025255599E-005                  1.0502631715460259E+002                  1.9365419484638983E-002                  9.9997964567044650E-001                  6.4125726505494951E+000                  6.6081184822266348E+000                 -1.0385386915954244E+001                  2.0212981359999591E+000                  3.4864265045029423E+000                 -8.0598087158232334E-001                 -1.7120308935244137E+000 
                 6.7480325638678611E+000                  3.8032326365488741E-011                  1.9324554048514901E-002                  1.5173858025255599E-005                  1.0318412877062950E+002                  1.9282208960820810E-002                  9.9997879860163708E-001                  6.3828563271304768E+000                  6.5801722336628030E+000                 -1.0419847108803665E+001                  2.0136129007652448E+000                  3.4795993158802232E+000                 -8.0236795575017639E-001                 -1.7138905194796950E+000 
                 6.7774937021826442E+000                  3.4939354192271470E-011                  1.9243635322574597E-002                  1.5173858025255599E-005                  1.0123124504755842E+002                  1.9201125622636872E-002                  9.9997795153282765E-001                  6.3531296909451749E+000                  6.5523569672002830E+000                 -1.0456685126637716E+001                  2.0053145774717360E+000                  3.4727365330812594E+000                 -7.9878943068820740E-001                 -1.7157128818097034E+000 
                 6.8068625335731179E+000                  3.2309601458988911E-011                  1.9164896853793620E-002                  1.5173858025255599E-005                  9.9473884162046502E+001                  1.9122760193889934E-002                  9.9997752799842299E-001                  6.3234031204542509E+000                  6.5245986832133003E+000                 -1.0490668398999670E+001                  1.9977090753728044E+000                  3.4658564616232512E+000                 -7.9525173151832418E-001                 -1.7174935137928173E+000 
                 6.8362978221191373E+000                  2.9571916728016484E-011                  1.9087852745173352E-002                  1.5173858025255599E-005                  9.7492397316565530E+001                  1.9046224415526239E-002                  9.9997710446401833E-001                  6.2938035404223180E+000                  6.4969721115671906E+000                 -1.0529120525408844E+001                  1.9889707489049475E+000                  3.4589561709917205E+000                 -7.9175475521824967E-001                 -1.7192429240616904E+000 
                 6.8655752456830950E+000                  2.7350988458232316E-011                  1.9013490951505278E-002                  1.5173858025255599E-005                  9.5794757956998197E+001                  1.8971650222964036E-002                  9.9997625739520890E-001                  6.2645429941057076E+000                  6.4695433180051447E+000                 -1.0563026973747416E+001                  1.9813417436111886E+000                  3.4520870989415871E+000                 -7.8832019852288826E-001                 -1.7209381376434587E+000 
                 6.8951757554398840E+000                  2.4987992719513420E-011                  1.8939995767968624E-002                  1.5173858025255599E-005                  9.3836612836901651E+001                  1.8898137464520959E-002                  9.9997541032639947E-001                  6.2349550455222236E+000                  6.4420199974855086E+000                 -1.0602268629261776E+001                  1.9723723220975187E+000                  3.4451256324630077E+000                 -7.8488806735027550E-001                 -1.7226201223732986E+000 
                 6.9246696490478348E+000                  2.2920168899059293E-011                  1.8869070596268207E-002                  1.5173858025255599E-005                  9.2004404309353930E+001                  1.8827172320565373E-002                  9.9997456325759004E-001                  6.2142316293882152E+000                  6.4147409091625649E+000                 -1.0639782186370477E+001                  1.9638086169633275E+000                  3.4381745780935389E+000                 -7.8150864559479383E-001                 -1.7242494906592665E+000 
                 6.9543310304246946E+000                  2.1017583953141753E-011                  1.8799975221297061E-002                  1.5173858025255599E-005                  9.0197910798060235E+001                  1.8759081202973187E-002                  9.9997456325759004E-001                  6.2069696494904809E+000                  6.3877123471618393E+000                 -1.0677417209151033E+001                  1.9551964775104667E+000                  3.4311491917891508E+000                 -7.7813837058068447E-001                 -1.7258427231438225E+000 
                 6.9843045969110049E+000                  1.9313375810359826E-011                  1.8732861322441074E-002                  1.5173858025255599E-005                  8.8469160837859278E+001                  1.8692352808822751E-002                  9.9997407606831146E-001                  6.1997529537685638E+000                  6.3610060334308525E+000                 -1.0714141808681850E+001                  1.9467919070094915E+000                  3.4239862965100349E+000                 -7.7475527334673888E-001                 -1.7273958819072810E+000 
                 7.0148186246830191E+000                  1.7704368653539345E-011                  1.8666746164337243E-002                  1.5173858025255599E-005                  8.6719191299297833E+001                  1.8626658936785116E-002                  9.9997358887903287E-001                  6.1925136983105009E+000                  6.3341924335538984E+000                 -1.0751919555783749E+001                  1.9381152183515857E+000                  3.4166376722763072E+000                 -7.7133987470697229E-001                 -1.7289313781424189E+000 
                 7.0455895618374615E+000                  1.6190744824314814E-011                  1.8601707090194024E-002                  1.5173858025255599E-005                  8.4951240559581919E+001                  1.8561545661698379E-002                  9.9997261450047570E-001                  6.1853869427219399E+000                  6.3071797570598784E+000                 -1.0790733171898298E+001                  1.9291697244913857E+000                  3.4091955987958946E+000                 -7.6793689089235972E-001                 -1.7304471984792937E+000 
                 7.0764045989311590E+000                  1.4796655803833586E-011                  1.8538230067448348E-002                  1.5173858025255599E-005                  8.3202462127756760E+001                  1.8499054134995949E-002                  9.9997261450047570E-001                  6.1784790200069386E+000                  6.2800399091399095E+000                 -1.0829836428527605E+001                  1.9201361772752255E+000                  3.4017532889533397E+000                 -7.6458494653657771E-001                 -1.7319317323616257E+000 
                 7.1072545482996317E+000                  1.3504620435998338E-011                  1.8476313398002743E-002                  1.5173858025255599E-005                  8.1459615261336197E+001                  1.8438108047155798E-002                  9.9997261450047570E-001                  6.1717622180876059E+000                  6.2527754132930546E+000                 -1.0869517617686672E+001                  1.9109423537020385E+000                  3.3942991454155784E+000                 -7.6128079565556306E-001                 -1.7333846797947865E+000 
                 7.1381162605157522E+000                  1.2321710361525524E-011                  1.8416005388110751E-002                  1.5173858025255599E-005                  7.9744263505165563E+001                  1.8378751465280587E-002                  9.9997261450047570E-001                  6.1652517388132297E+000                  6.2255246634439789E+000                 -1.0909329004102064E+001                  1.9016994505255100E+000                  3.3868519145678113E+000                 -7.5802960775601602E-001                 -1.7348045666494254E+000 
                 7.1690256046413561E+000                  1.1265277754381873E-011                  1.8357156656735922E-002                  1.5173858025255599E-005                  7.8102005900089665E+001                  1.8318948667578744E-002                  9.9997066574336146E-001                  6.1589590959039633E+000                  6.1982030666375829E+000                 -1.0948258095932314E+001                  1.8926621871809322E+000                  3.3794031043785675E+000                 -7.5482799621333163E-001                 -1.7361945858753942E+000 
                 7.1999836739254732E+000                  1.0266950550940504E-011                  1.8299687742027039E-002                  1.5173858025255599E-005                  7.6430719347281354E+001                  1.8262468730981873E-002                  9.9997066574336146E-001                  6.1528985327315935E+000                  6.1708299048823223E+000                 -1.0988558529680018E+001                  1.8832679462162742E+000                  3.3719640544777536E+000                 -7.5168381018994246E-001                 -1.7375563208199307E+000 
                 7.2309551020517739E+000                  9.3175716513977692E-012                  1.8244995232206018E-002                  1.5173858025255599E-005                  7.4710772554130799E+001                  1.8208075842925331E-002                  9.9997066574336146E-001                  6.1333427260539457E+000                  6.1435761564973195E+000                 -1.1030697258870658E+001                  1.8733832264033659E+000                  3.3645570798341868E+000                 -7.4860827227514093E-001                 -1.7388562457894334E+000 
                 7.2614565411461864E+000                  8.3729377649605182E-012                  1.8193645498335846E-002                  1.5173858025255599E-005                  7.2843200795797088E+001                  1.8155756750847244E-002                  9.9996969136480418E-001                  6.1044687529444799E+000                  6.1167723673041259E+000                 -1.1077122136838364E+001                  1.8623890198839923E+000                  3.3573538262530365E+000                 -7.4566987497178094E-001                 -1.7400802717345407E+000 
                 7.2913070631704455E+000                  7.5680397823141519E-012                  1.8144896622997637E-002                  1.5173858025255599E-005                  7.1121027401471935E+001                  1.8105215468028089E-002                  9.9996774260768984E-001                  6.0769427937563858E+000                  6.0904762253024618E+000                 -1.1121016593678924E+001                  1.8519980206887376E+000                  3.3504611396484121E+000                 -7.4290061990798328E-001                 -1.7412455017643105E+000 
                 7.3213917844989744E+000                  6.8372495223863212E-012                  1.8097737447031220E-002                  1.5173858025255599E-005                  6.9428476427794052E+001                  1.8055540042066141E-002                  9.9996481947201843E-001                  6.0497746240476955E+000                  6.0645329149637508E+000                 -1.1165118570426408E+001                  1.8415376339223928E+000                  3.3436473444008223E+000                 -7.4020173741600481E-001                 -1.7423757166053626E+000 
                 7.3520138258836436E+000                  6.1454999955494359E-012                  1.8051884457275926E-002                  1.5173858025255599E-005                  6.7687340802820316E+001                  1.8008799646072111E-002                  9.9996384509346126E-001                  6.0226826724364768E+000                  6.0389145642933793E+000                 -1.1211442777305692E+001                  1.8305074513420032E+000                  3.3368245549490987E+000                 -7.3754021759178512E-001                 -1.7434774548842249E+000 
                 7.3830908645112663E+000                  5.5340952901040487E-012                  1.8007527145336117E-002                  1.5173858025255599E-005                  6.6018254657743967E+001                  1.7962475409169849E-002                  9.9996140914706833E-001                  5.9957925237592562E+000                  6.0135779386745458E+000                 -1.1256953367130361E+001                  1.8196640373818387E+000                  3.3300239587050275E+000                 -7.3492610105571432E-001                 -1.7445459218762316E+000 
                 7.4148877597769882E+000                  4.9643518093756663E-012                  1.7964231931044579E-002                  1.5173858025255599E-005                  6.4326619748681594E+001                  1.7918004486015233E-002                  9.9995994757923257E-001                  5.9689847759655299E+000                  5.9884076711062599E+000                 -1.1304137448878272E+001                  1.8083907292675796E+000                  3.3232079474498146E+000                 -7.3234227197603230E-001                 -1.7455913465216688E+000 
                 7.4473145199555857E+000                  4.4545591178083058E-012                  1.7922145230796899E-002                  1.5173858025255599E-005                  6.2680955078958540E+001                  1.7873778313399678E-002                  9.9995702444356116E-001                  5.9423773486207354E+000                  5.9634929332421676E+000                 -1.1351195273036319E+001                  1.7971356038293862E+000                  3.3164205958329851E+000                 -7.2980619670830726E-001                 -1.7466100077243059E+000 
                 7.4804394283069104E+000                  3.9972613791339739E-012                  1.7881214611649668E-002                  1.5173858025255599E-005                  6.1076135332666979E+001                  1.7831473163161263E-002                  9.9995507568644693E-001                  5.9159178068012466E+000                  5.9387441117876456E+000                 -1.1398237452489425E+001                  1.7858715472805775E+000                  3.3096648260716233E+000                 -7.2731746242752038E-001                 -1.7476029843532406E+000 
                 7.5144262825388513E+000                  3.5844606214096401E-012                  1.7841158863956839E-002                  1.5173858025255599E-005                  5.9500942215507720E+001                  1.7788891657138858E-002                  9.9995117817221812E-001                  5.8896415850878157E+000                  5.9141670287486816E+000                 -1.1445576186375291E+001                  1.7745238414589646E+000                  3.3029286134986005E+000                 -7.2486873441143518E-001                 -1.7485769396529476E+000 
                 7.5492581160066621E+000                  3.2127165561276062E-012                  1.7802028179513804E-002                  1.5173858025255599E-005                  5.7957918626826036E+001                  1.7748567984658840E-002                  9.9994922941510389E-001                  5.8636334970824358E+000                  5.8897061095802385E+000                 -1.1493127588653197E+001                  1.7631127789817957E+000                  3.2962278310104356E+000                 -7.2246244088785150E-001                 -1.7495305158375629E+000 
                 7.5849800983011857E+000                  2.8788627907828647E-012                  1.7763814372844900E-002                  1.5173858025255599E-005                  5.6450338231934566E+001                  1.7708117646334509E-002                  9.9994533190087520E-001                  5.8376764522481039E+000                  5.8654272108049907E+000                 -1.1540779033498396E+001                  1.7516665467201915E+000                  3.2895314782351925E+000                 -7.2009022892171992E-001                 -1.7504637737369544E+000 
                 7.6216329530902982E+000                  2.5799552670012648E-012                  1.7726532932919967E-002                  1.5173858025255599E-005                  5.4982003751388639E+001                  1.7669811830360076E-002                  9.9994338314376086E-001                  5.8115862314239122E+000                  5.8413458754637348E+000                 -1.1588387824061160E+001                  1.7402205612842685E+000                  3.2827807515808045E+000                 -7.1773503568523078E-001                 -1.7513761981464901E+000 
                 7.6593136081599038E+000                  2.3126053147070389E-012                  1.7690138108377520E-002                  1.5173858025255599E-005                  5.3553663853672766E+001                  1.7631557885531331E-002                  9.9993970820773437E-001                  5.7851847309027233E+000                  5.8174170786620092E+000                 -1.1635898480619337E+001                  1.7287891863234541E+000                  3.2759244853495941E+000                 -7.1537902093123173E-001                 -1.7522687765039495E+000 
                 7.6981086531754634E+000                  2.0745154573927144E-012                  1.7654621838216301E-002                  1.5173858025255599E-005                  5.2171026215141076E+001                  1.7594318231249236E-002                  9.9993603327170777E-001                  5.7583590421496753E+000                  5.7937143457014697E+000                 -1.1683083324857494E+001                  1.7174293773038107E+000                  3.2689407614176766E+000                 -7.1301487864588109E-001                 -1.7531415805837418E+000 
                 7.7383805459714710E+000                  1.8747943842185176E-012                  1.7619267776078168E-002                  1.5173858025255599E-005                  5.0918300925026479E+001                  1.7557933228443300E-002                  9.9993358331435667E-001                  5.7309732861627047E+000                  5.7696372949325259E+000                 -1.1727046356040754E+001                  1.7068739012251146E+000                  3.2617870675589264E+000                 -7.1062853833332951E-001                 -1.7540121440179797E+000 
                 7.7799174179763497E+000                  1.6788715695025589E-012                  1.7584468773436418E-002                  1.5173858025255599E-005                  4.9581443073681633E+001                  1.7521086425386204E-002                  9.9992868339965457E-001                  5.7034461881068346E+000                  5.7456058942141786E+000                 -1.1774982525297148E+001                  1.6953191604916680E+000                  3.2545793695621268E+000                 -7.0826268189761765E-001                 -1.7548707471792833E+000 
                 7.8220070971250371E+000                  1.5059427578298173E-012                  1.7550877827300540E-002                  1.5173858025255599E-005                  4.8298330073315313E+001                  1.7485571612042405E-002                  9.9992367712457453E-001                  5.6767329777306950E+000                  5.7219964284838563E+000                 -1.1822191535725697E+001                  1.6839321127538380E+000                  3.2475467766120003E+000                 -7.0597875169879054E-001                 -1.7557011569178971E+000 
                 7.8651162335862068E+000                  1.3514457423599438E-012                  1.7518105950774406E-002                  1.5173858025255599E-005                  4.7052803003893374E+001                  1.7452012478715129E-002                  9.9992112080684548E-001                  5.6509614468630804E+000                  5.6985774733040042E+000                 -1.1869201385604685E+001                  1.6725854974956906E+000                  3.2407431109961005E+000                 -7.0378869369701602E-001                 -1.7565128513410966E+000 
                 7.9093343857442955E+000                  1.2138415492893102E-012                  1.7486119641480329E-002                  1.5173858025255599E-005                  4.5848295861431936E+001                  1.7418237102080895E-002                  9.9991579545063136E-001                  5.6263074263986628E+000                  5.6753247949175192E+000                 -1.1915838000872375E+001                  1.6613231952375243E+000                  3.2342269462025164E+000                 -7.0171000435946662E-001                 -1.7573065544586091E+000 
                 7.9549229233955439E+000                  1.1140595405407896E-012                  1.7453817501854332E-002                  1.5173858025255599E-005                  4.4917058368112890E+001                  1.7385361470250625E-002                  9.9991313277252436E-001                  5.6025926245032887E+000                  5.6513888026624297E+000                 -1.1953091597818203E+001                  1.6524113034489054E+000                  3.2279436626389533E+000                 -6.9971546099794213E-001                 -1.7581095693542852E+000 
                 8.0021135419799858E+000                  1.0400872093078535E-012                  1.7419798178427291E-002                  1.5173858025255599E-005                  4.4195220041104179E+001                  1.7351854757473334E-002                  9.9991313277252436E-001                  5.5793822864371156E+000                  5.6256236987343344E+000                 -1.1982930244419224E+001                  1.6453752975865776E+000                  3.2217770341409988E+000                 -6.9776012927118969E-001                 -1.7589568809301408E+000 
                 8.0499817723805034E+000                  9.7204871604263841E-013                  1.7384581673501796E-002                  1.5173858025255599E-005                  4.3498001776907365E+001                  1.7316724767777750E-002                  9.9991180143347080E-001                  5.5566496469611248E+000                  5.5983718950996577E+000                 -1.2012311969046641E+001                  1.6384693036225624E+000                  3.2157271202120907E+000                 -6.9584861611712923E-001                 -1.7598357553158184E+000 
                 8.0969139921353683E+000                  9.1157511833651556E-013                  1.7350057637444492E-002                  1.5173858025255599E-005                  4.2847656734299321E+001                  1.7280559279636006E-002                  9.9990514473820324E-001                  5.5347764178003427E+000                  5.5710033129626382E+000                 -1.2040207537502878E+001                  1.6319270729158935E+000                  3.2099112784016821E+000                 -6.9402281495070250E-001                 -1.7606990781305993E+000 
                 8.1431375361971661E+000                  8.5727131754466849E-013                  1.7316280997434201E-002                  1.5173858025255599E-005                  4.2235893151652164E+001                  1.7246041120983553E-002                  9.9990087620504509E-001                  5.5134712754475785E+000                  5.5435641618355618E+000                 -1.2066881706589912E+001                  1.6256816792543796E+000                  3.2042409811566972E+000                 -6.9225488367630050E-001                 -1.7615453753510881E+000 
                 8.1890377880440663E+000                  8.0586692551141443E-013                  1.7283202831594530E-002                  1.5173858025255599E-005                  4.1627769504684913E+001                  1.7211234897032756E-002                  9.9989284692979041E-001                  5.4924221767484598E+000                  5.5161968295050841E+000                 -1.2093736668229145E+001                  1.6193831377921439E+000                  3.1986177134667226E+000                 -6.9051863443686867E-001                 -1.7623757732462331E+000 
                 8.2344534895383408E+000                  7.5544976364322777E-013                  1.7251350349926399E-002                  1.5173858025255599E-005                  4.0998623098565837E+001                  1.7178317061702971E-002                  9.9988641178233872E-001                  5.4716459003798166E+000                  5.4895849869981133E+000                 -1.2121794410342735E+001                  1.6127692680644208E+000                  3.1930472700527348E+000                 -6.8882218836499243E-001                 -1.7631769048475825E+000 
                 8.2799213450595310E+000                  7.1114911406970097E-013                  1.7220518293122433E-002                  1.5173858025255599E-005                  4.0420015988652082E+001                  1.7146920919613930E-002                  9.9988157662631427E-001                  5.4507407783460957E+000                  5.4632211688515460E+000                 -1.2148039326657324E+001                  1.6065964773337191E+000                  3.1874278386828201E+000                 -6.8713365745265631E-001                 -1.7639537815434727E+000 
                 8.3260723659476650E+000                  6.7119725991103388E-013                  1.7190455511908176E-002                  1.5173858025255599E-005                  3.9874777554972553E+001                  1.7115447028182153E-002                  9.9987303777567893E-001                  5.4292801695126149E+000                  5.4369426620651478E+000                 -1.2173149825135177E+001                  1.6006982695650449E+000                  3.1816417957572081E+000                 -6.8542127644461925E-001                 -1.7647126152450510E+000 
                 8.3730345234951464E+000                  6.3290047131005789E-013                  1.7161255548316035E-002                  1.5173858025255599E-005                  3.9326812506707782E+001                  1.7085268974578172E-002                  9.9986563038645748E-001                  5.4071364591718591E+000                  5.4110796297172543E+000                 -1.2198664580913727E+001                  1.5946887437777220E+000                  3.1756486786024514E+000                 -6.8368004939308702E-001                 -1.7654509415596802E+000 
                 8.4209665302546277E+000                  5.9676227243925701E-013                  1.7132987666289654E-002                  1.5173858025255599E-005                  3.8784947763489910E+001                  1.7056336295730376E-002                  9.9985880542830530E-001                  5.3841210579631582E+000                  5.3857987706330652E+000                 -1.2224198640946520E+001                  1.5886632068675581E+000                  3.1693971029778600E+000                 -6.8190125411690738E-001                 -1.7661668977557499E+000 
                 8.4705805599372237E+000                  5.6403029042358469E-013                  1.7105050209130543E-002                  1.5173858025255599E-005                  3.8273030612275470E+001                  1.7028302539888022E-002                  9.9985256290122249E-001                  5.3595751184460374E+000                  5.3605784237513712E+000                 -1.2248697572239038E+001                  1.5828928485041913E+000                  3.1627107314106566E+000                 -6.8004035759684267E-001                 -1.7668756466752744E+000 
                 8.5221735376922574E+000                  5.3349743106844005E-013                  1.7077956271088959E-002                  1.5173858025255599E-005                  3.7774137495167821E+001                  1.7001155844586242E-002                  9.9984632037413967E-001                  5.3348229236915712E+000                  5.3357078245095266E+000                 -1.2272867667477536E+001                  1.5771945527616735E+000                  3.1559602348603861E+000                 -6.7819078552477319E-001                 -1.7675641028094884E+000 
                 8.5761826176751477E+000                  5.0566076582092783E-013                  1.7052328519838622E-002                  1.5173858025255599E-005                  3.7299446853558699E+001                  1.6975193709979419E-002                  9.9983851721528616E-001                  5.3106602818296631E+000                  5.3138582968367487E+000                 -1.2296140741934966E+001                  1.5717023872874325E+000                  3.1493575415422042E+000                 -6.7640597373904199E-001                 -1.7682163090897212E+000 
                 8.6338166309488713E+000                  4.7873756565444523E-013                  1.7028085098672260E-002                  1.5173858025255599E-005                  3.6818907095229513E+001                  1.6950548922398254E-002                  9.9982978453896254E-001                  5.2874629542861191E+000                  5.2924761735630712E+000                 -1.2319902492893377E+001                  1.5660708890439530E+000                  3.1429988192645291E+000                 -6.7471247059441886E-001                 -1.7688341880819676E+000 
                 8.6960980518785611E+000                  4.5306901470077031E-013                  1.7004154316816490E-002                  1.5173858025255599E-005                  3.6340675351468619E+001                  1.6925974331114355E-002                  9.9981902647213328E-001                  5.2666113905026330E+000                  5.2716842385645473E+000                 -1.2343835638117916E+001                  1.5603929898765749E+000                  3.1372770364427702E+000                 -6.7320498595140055E-001                 -1.7694449623594808E+000 
                 8.7635714169589072E+000                  4.2504880606230004E-013                  1.6982659062714001E-002                  1.5173858025255599E-005                  3.5787905093564476E+001                  1.6904683780591446E-002                  9.9981185442758036E-001                  5.2512207613334327E+000                  5.2563797255570268E+000                 -1.2371561199393049E+001                  1.5537362728960735E+000                  3.1330606207198883E+000                 -6.7209952765709957E-001                 -1.7699943090360453E+000 
                 8.8399202270341046E+000                  4.0582933894111197E-013                  1.6967482530068714E-002                  1.5173858025255599E-005                  3.5392119942753858E+001                  1.6888311671218601E-002                  9.9979754289052203E-001                  5.2414683290150084E+000                  5.2466370379215892E+000                 -1.2391656559373533E+001                  1.5489065730285660E+000                  3.1303923135861038E+000                 -6.7140147318364529E-001                 -1.7703825892912717E+000 
                 8.9305831434064373E+000                  3.9481572508314118E-013                  1.6959316816235869E-002                  1.5173858025255599E-005                  3.5157975253013731E+001                  1.6879956740524095E-002                  9.9979218013313109E-001                  5.2365523792953388E+000                  5.2417219503343802E+000                 -1.2403605558178612E+001                  1.5460238520360226E+000                  3.1290465661369571E+000                 -6.7105022332022735E-001                 -1.7705916467087242E+000 
                 9.0348343787797862E+000                  3.9029045982613106E-013                  1.6956215588093529E-002                  1.5173858025255599E-005                  3.5060002388537931E+001                  1.6876338052605251E-002                  9.9978681737574016E-001                  5.2347621847445618E+000                  5.2399278909838856E+000                 -1.2408612064387482E+001                  1.5448119372670979E+000                  3.1285561835637985E+000                 -6.7092240811065784E-001                 -1.7706710702753095E+000 
                 9.1512127970673678E+000                  3.8918899383161901E-013                  1.6955237189559859E-002                  1.5173858025255599E-005                  3.5036250681734586E+001                  1.6875422008566572E-002                  9.9978681737574016E-001                  5.2341696227112555E+000                  5.2393361806454015E+000                 -1.2409839449970441E+001                  1.5445176209474707E+000                  3.1283938173903469E+000                 -6.7088011267656567E-001                 -1.7706961304275346E+000 
                 9.2778315245425986E+000                  3.8894379695751195E-013                  1.6955019093013786E-002                  1.5173858025255599E-005                  3.5030956295989107E+001                  1.6875217808689957E-002                  9.9978681737574016E-001                  5.2340377715269977E+000                  5.2392031019177718E+000                 -1.2410113150434396E+001                  1.5444519890314412E+000                  3.1283576858686715E+000                 -6.7087070220039902E-001                 -1.7707017168274541E+000 
                 9.4126999291897420E+000                  3.8890930806222419E-013                  1.6954988336481142E-002                  1.5173858025255599E-005                  3.5030211465871851E+001                  1.6875189007542753E-002                  9.9978681737574016E-001                  5.2340192426155738E+000                  5.2391843583431914E+000                 -1.2410151662428046E+001                  1.5444427549401207E+000                  3.1283526083549549E+000                 -6.7086937960178994E-001                 -1.7707025046416378E+000 
                 9.5539655565005273E+000                  3.8890638847737548E-013                  1.6954985798179410E-002                  1.5173858025255599E-005                  3.5030148343927522E+001                  1.6875186634553556E-002                  9.9978681737574016E-001                  5.2340176594195187E+000                  5.2391827564293543E+000                 -1.2410154922736613E+001                  1.5444419723717162E+000                  3.1283521744037972E+000                 -6.7086926675433167E-001                 -1.7707025696591121E+000 
                 9.6989700043360187E+000                  3.8890624583712063E-013                  1.6954985675737683E-002                  1.5173858025255599E-005                  3.5030145258387854E+001                  1.6875186520183817E-002                  9.9978681737574016E-001                  5.2340175816828536E+000                  5.2391826777740409E+000                 -1.2410155082024012E+001                  1.5444419341180120E+000                  3.1283521530939158E+000                 -6.7086926121713031E-001                 -1.7707025727954029E+000 
