                           1                            2                            3                            4                            5 
              version_number                 initial_mass                    initial_z                    burn_min1                    burn_min2 
                       10398      1.0000000000000000E+000      2.0000000000000000E-002      5.0000000000000000E+001      1.0000000000000000E+003 

                                       1                                        2                                        3                                        4                                        5                                        6                                        7                                        8                                        9                                       10                                       11                                       12                                       13                                       14 
                            log_star_age                               luminosity                                   radius                                star_mass                 surface_cell_temperature                           conv_mx1_top_r                             conv_mx1_top                           center_entropy                              max_entropy                                    log_L                                 log_Teff                             log_center_T                           log_center_Rho                                    log_R 
                 3.4981789125485649E+000                  1.0950449205649567E-008                  3.3648201665953101E-002                  1.5173858025255599E-005                  3.2211168314802757E+002                  1.8120343870469551E-002                  6.1916196820914848E-001                  8.3601343768270304E+000                  8.3645606934860695E+000                 -7.9605680649760648E+000                  2.5080064728646070E+000                  3.8251417974605348E+000                 -1.1184035771021104E+000                 -1.4730381417646203E+000 
                 3.5268134605833148E+000                  1.4867162161588448E-008                  3.5528333893068094E-002                  1.5173858025255599E-005                  3.3837558313891560E+002                  3.5122994516612063E-002                  9.9993113335700590E-001                  8.4680141634678900E+000                  8.4680141634679185E+000                 -7.8277719215372725E+000                  2.5293990170133567E+000                  3.8380819852312040E+000                 -1.1414316385390646E+000                 -1.4494251583427222E+000 
                 3.5441959299420129E+000                  1.7903957054522812E-008                  3.6840697801314368E-002                  1.5173858025255599E-005                  3.4809898061303846E+002                  3.6426580265853215E-002                  9.9993113335700590E-001                  8.5356030640667946E+000                  8.5356030640667946E+000                 -7.7470509725385872E+000                  2.5417027512946491E+000                  3.8459401110135634E+000                 -1.1563340484205280E+000                 -1.4336721524059644E+000 
                 3.5549663553673869E+000                  2.0090822535734268E-008                  3.7731309814015436E-002                  1.5173858025255599E-005                  3.5402008901453405E+002                  3.7311586057927046E-002                  9.9993113335700590E-001                  8.5782756926667396E+000                  8.5782756926667094E+000                 -7.6970022824942612E+000                  2.5490279067684098E+000                  3.8508004867426817E+000                 -1.1659434621784919E+000                 -1.4232981183313236E+000 
                 3.5628849789429098E+000                  2.1865545808494959E-008                  3.8427504273643422E-002                  1.5173858025255599E-005                  3.5830132096109458E+002                  3.8003528178841957E-002                  9.9993113335700590E-001                  8.6100158472710202E+000                  8.6100158472710504E+000                 -7.6602396773102512E+000                  2.5542484091305528E+000                  3.8543642170467916E+000                 -1.1731921810186583E+000                 -1.4153578204636053E+000 
                 3.5701012186898953E+000                  2.3615542822732407E-008                  3.9094164676794017E-002                  1.5173858025255599E-005                  3.6213702754428164E+002                  3.8666200931638993E-002                  9.9993113335700590E-001                  8.6391824353584070E+000                  8.6396888724288061E+000                 -7.6268020673556309E+000                  2.5588729323799351E+000                  3.8576001457602636E+000                 -1.1799299561574783E+000                 -1.4078880619850591E+000 
                 3.5770690403724585E+000                  2.5434853361141760E-008                  3.9768944353583448E-002                  1.5173858025255599E-005                  3.6577557054747297E+002                  3.9337019151497760E-002                  9.9993113335700590E-001                  8.6675536562880371E+000                  8.6685812783993814E+000                 -7.5945707618514016E+000                  2.5632146962571252E+000                  3.8607120570412170E+000                 -1.1865563482308872E+000                 -1.4004559369873237E+000 
                 3.5838755597903265E+000                  2.7345798269268307E-008                  4.0459463278093875E-002                  1.5173858025255599E-005                  3.6926828648699495E+002                  4.0023551875401360E-002                  9.9993113335700579E-001                  8.6954558019158483E+000                  8.6972012403690258E+000                 -7.5631093943270784E+000                  2.5673420110117804E+000                  3.8637378899089456E+000                 -1.1931447783221694E+000                 -1.3929798827344730E+000 
                 3.5905325333723797E+000                  2.9353307621557776E-008                  4.1166734648828966E-002                  1.5173858025255599E-005                  3.7262369651874621E+002                  4.0701191031288809E-002                  9.9992623344230369E-001                  8.7229258493650121E+000                  8.7255416636610370E+000                 -7.5323429540124778E+000                  2.5712704696910098E+000                  3.8666827266863688E+000                 -1.1997018449312806E+000                 -1.3854535799356318E+000 
                 3.5970362439405834E+000                  3.1454755142163175E-008                  4.1889842168551281E-002                  1.5173858025255599E-005                  3.7583449097127476E+002                  4.1419898039307644E-002                  9.9992623344230369E-001                  8.7499291120907596E+000                  8.7533993048496619E+000                 -7.5023136912076751E+000                  2.5749966334039227E+000                  3.8695439811336452E+000                 -1.2062166371085912E+000                 -1.3778912759590569E+000 
                 3.6033871146522736E+000                  3.3651086878607420E-008                  4.2628496452104030E-002                  1.5173858025255599E-005                  3.7890399546504489E+002                  4.2154182170640729E-002                  9.9992623344230380E-001                  8.7764563689270965E+000                  8.7807542988150864E+000                 -7.4730009041663408E+000                  2.5785291847172496E+000                  3.8723219620995382E+000                 -1.2126840766691300E+000                 -1.3702999850650428E+000 
                 3.6095842215755609E+000                  3.5942015743056397E-008                  4.3381920584971083E-002                  1.5173858025255599E-005                  3.8183491552156261E+002                  4.2903301430710250E-002                  9.9992623344230358E-001                  8.8024830941857566E+000                  8.8075848801926782E+000                 -7.4443975699221605E+000                  2.5818756382484187E+000                  3.8750155442468439E+000                 -1.2190951376159289E+000                 -1.3626912250052912E+000 
                 3.6156316438860872E+000                  3.8331276284112158E-008                  4.4150393692680145E-002                  1.5173858025255599E-005                  3.8463645914935813E+002                  4.3667549846885007E-002                  9.9992623344230358E-001                  8.8280171267299199E+000                  8.8339136582671962E+000                 -7.4164467201685698E+000                  2.5850504478989942E+000                  3.8776270045729975E+000                 -1.2254489113624156E+000                 -1.3550654194296461E+000 
                 3.6215280967003309E+000                  4.0821294098735997E-008                  4.4933024457351749E-002                  1.5173858025255599E-005                  3.8731853847533097E+002                  4.4446048058665290E-002                  9.9992623344230358E-001                  8.8530329172924223E+000                  8.8597260254250081E+000                 -7.3891132315887980E+000                  2.5880682842850895E+000                  3.8801552948781470E+000                 -1.2317359775222738E+000                 -1.3474343479119515E+000 
                 3.6272684338268104E+000                  4.3411684623818494E-008                  4.5728112713597176E-002                  1.5173858025255599E-005                  3.8988761461136994E+002                  4.5223351163229113E-002                  9.9992378348495237E-001                  8.8774932195782430E+000                  8.8849774572895175E+000                 -7.3623933607028178E+000                  2.5909394392560068E+000                  3.8825983205482699E+000                 -1.2379434587308278E+000                 -1.3398167224107962E+000 
                 3.6328590345686775E+000                  4.6101818633720160E-008                  4.6535409405646676E-002                  1.5173858025255599E-005                  3.9234413352590070E+002                  4.6011564938041476E-002                  9.9992112080684536E-001                  8.9014150015316975E+000                  8.9096790357281730E+000                 -7.3362819421372381E+000                  2.5936671631578618E+000                  3.8849593422392434E+000                 -1.2440719425936742E+000                 -1.3322164609317164E+000 
                 3.6383053117957633E+000                  4.8890858396440521E-008                  4.7354211085148597E-002                  1.5173858025255599E-005                  3.9469082516893252E+002                  4.6826275642284407E-002                  9.9992112080684536E-001                  8.9248028222522873E+000                  8.9338299922416233E+000                 -7.3107723375865481E+000                  2.5962570309697135E+000                  3.8872403810186156E+000                 -1.2501188298995773E+000                 -1.3246413942800741E+000 
                 3.6436144087654507E+000                  5.1786399434119258E-008                  4.8185077732561470E-002                  1.5173858025255599E-005                  3.9694201095619189E+002                  4.7637950323088915E-002                  9.9991845812873825E-001                  8.9476878159048585E+000                  8.9574673114993626E+000                 -7.2857842832329753E+000                  2.5987270654541286E+000                  3.8894459509738346E+000                 -1.2560889827876105E+000                 -1.3170874360721179E+000 
                 3.6487864497370959E+000                  5.4785689119719897E-008                  4.9026828028533455E-002                  1.5173858025255599E-005                  3.9909777133435978E+002                  4.8475757440833787E-002                  9.9991845812873814E-001                  8.9700504158170666E+000                  8.9805732774209286E+000                 -7.2613328712238721E+000                  2.6010793024844601E+000                  3.8915756779750197E+000                 -1.2619743206311962E+000                 -1.3095662041282290E+000 
                 3.6538246780149466E+000                  5.7889114496081091E-008                  4.9879078943401677E-002                  1.5173858025255599E-005                  4.0116167157061824E+002                  4.9293404026309058E-002                  9.9991313277252392E-001                  8.9918912559665465E+000                  9.0031576126824131E+000                 -7.2374030935910296E+000                  2.6033194321836373E+000                  3.8936311522578348E+000                 -1.2677722660721193E+000                 -1.3020815747101628E+000 
                 3.6562947559670800E+000                  5.9477276551051590E-008                  5.0308992156880075E-002                  1.5173858025255599E-005                  4.0215583857132026E+002                  4.9721362490563206E-002                  9.9991313277252414E-001                  9.0026163384895916E+000                  9.0142570568363141E+000                 -7.2256489259256238E+000                  2.6043943781624330E+000                  3.8946315459251286E+000                 -1.2706377494643120E+000                 -1.2983543828350512E+000 
