                           1                            2                            3                            4                            5 
              version_number                 initial_mass                    initial_z                    burn_min1                    burn_min2 
                       10398      1.0000000000000000E+000      2.0000000000000000E-002      5.0000000000000000E+001      1.0000000000000000E+003 

                                       1                                        2                                        3                                        4                                        5                                        6                                        7                                        8                                        9                                       10                                       11                                       12                                       13                                       14 
                            log_star_age                               luminosity                                   radius                                star_mass                 surface_cell_temperature                           conv_mx1_top_r                             conv_mx1_top                           center_entropy                              max_entropy                                    log_L                                 log_Teff                             log_center_T                           log_center_Rho                                    log_R 
                 3.0564950491902430E+000                  1.5038353538931213E-007                  1.7961432099211810E-001                  9.0133452877088572E-005                  2.6838553413513307E+002                  1.0847312058007000E-001                  9.3030240027573008E-001                  8.4498228312308470E+000                  8.4622917232361736E+000                 -6.8227997094956176E+000                  2.4287590104331520E+000                  4.1874146548162061E+000                 -3.1486644642820538E-001                 -7.4565903916148568E-001 
                 3.1267729575604202E+000                  1.4997679351942216E-007                  1.7953022120892412E-001                  9.0133452877088572E-005                  2.6826662967936164E+002                  1.0846731970826728E-001                  9.3030240027573008E-001                  8.4497866573793807E+000                  8.4576126026739509E+000                 -6.8239759357853673E+000                  2.4285666512781781E+000                  4.1874098720402761E+000                 -3.1486067572377680E-001                 -7.4586243399641283E-001 
                 3.2114011581964026E+000                  1.4803777267535116E-007                  1.7930350620586724E-001                  9.0133452877088572E-005                  2.6756429860720010E+002                  1.0788782094503342E-001                  9.2799700399305474E-001                  8.4497521546677277E+000                  8.4536969990272386E+000                 -6.8296274577709362E+000                  2.4274281627365308E+000                  4.1874062911247059E+000                 -3.1485303205894982E-001                 -7.4641121790590226E-001 
                 3.3010299956639808E+000                  1.4574791680063595E-007                  1.7902975752914427E-001                  9.0133452877088572E-005                  2.6672725614628774E+002                  1.0787717800713205E-001                  9.2799700399305474E-001                  8.4497187006384920E+000                  8.4498401084333867E+000                 -6.8363976439682901E+000                  2.4260673954968164E+000                  4.1874036295510626E+000                 -3.1484385282737309E-001                 -7.4707477652515120E-001 
