                           1                            2                            3                            4                            5 
              version_number                 initial_mass                    initial_z                    burn_min1                    burn_min2 
                       10398      1.0000000000000000E+000      2.0000000000000000E-002      5.0000000000000000E+001      1.0000000000000000E+003 

                                       1                                        2                                        3                                        4                                        5                                        6                                        7                                        8                                        9                                       10                                       11                                       12                                       13                                       14 
                            log_star_age                               luminosity                                   radius                                star_mass                 surface_cell_temperature                           conv_mx1_top_r                             conv_mx1_top                           center_entropy                              max_entropy                                    log_L                                 log_Teff                             log_center_T                           log_center_Rho                                    log_R 
                 3.4981789125485649E+000                  2.4630108052079736E-008                  7.6640593083857386E-002                  2.3367741358893601E-005                  2.6137651889839458E+002                  3.1354669749174342E-002                  7.0964420739813971E-001                  8.3760116384532193E+000                  8.3760116384532193E+000                 -7.6085336829104273E+000                  2.4172665690612578E+000                  4.0090449752848007E+000                 -6.2603463806762227E-001                 -1.1155411431251023E+000 
                 3.5493129248097679E+000                  2.5840264440842976E-008                  7.7539528211151995E-002                  2.3367741358893601E-005                  2.6299172274013961E+002                  7.6408189012337369E-002                  9.9995601961983338E-001                  8.3608260465911730E+000                  8.3608260465911730E+000                 -7.5877030462260535E+000                  2.4199420795614204E+000                  4.0058937258842864E+000                 -6.2523261292515209E-001                 -1.1104768457832406E+000 
                 3.6109634413699103E+000                  2.7058073144757137E-008                  7.8464237160615027E-002                  2.3367741358893601E-005                  2.6446472737756471E+002                  7.7298610794079098E-002                  9.9995432043736465E-001                  8.3745735275806688E+000                  8.3745735275806688E+000                 -7.5677031335475062E+000                  2.4223677564209645E+000                  4.0078153505051963E+000                 -6.2792377158764845E-001                 -1.1053282431630551E+000 
                 3.6775687927899723E+000                  2.8654586391737202E-008                  7.9649331004224153E-002                  2.3367741358893601E-005                  2.6627898228573662E+002                  7.8449169960826098E-002                  9.9995262125489592E-001                  8.3916945913894114E+000                  8.3916945913893812E+000                 -7.5428058558882274E+000                  2.4253368880550727E+000                  4.0101924065390104E+000                 -6.3131215792556361E-001                 -1.0988178676016320E+000 
                 3.7382270937404023E+000                  3.0428215781678114E-008                  8.0932413093782171E-002                  2.3367741358893601E-005                  2.6815586222540963E+002                  7.9696093659392439E-002                  9.9995083938892770E-001                  8.4096251099638675E+000                  8.4096251099638675E+000                 -7.5167235126069807E+000                  2.4283872952848768E+000                  4.0126635336580074E+000                 -6.3490673830098654E-001                 -1.0918775104206173E+000 
                 3.7915254187731602E+000                  3.2302848562225887E-008                  8.2253505346756156E-002                  2.3367741358893601E-005                  2.6999916208230286E+002                  8.0981076412338301E-002                  9.9994905752295948E-001                  8.4274552345505072E+000                  8.4274552345505072E+000                 -7.4907591785881475E+000                  2.4313624160414360E+000                  4.0151034782298449E+000                 -6.3853007929011463E-001                 -1.0848455849243186E+000 
                 3.8384825711979262E+000                  3.4253179413288633E-008                  8.3595645715558581E-002                  2.3367741358893601E-005                  2.7177707016039000E+002                  8.2267080565584974E-002                  9.9994620946707369E-001                  8.4449516949132466E+000                  8.4449516949132466E+000                 -7.4652991106661162E+000                  2.4342128121928748E+000                  4.0174811947862850E+000                 -6.4213317426107952E-001                 -1.0778163432661805E+000 
                 3.8802978390474516E+000                  3.6279552407026470E-008                  8.4955891989596508E-002                  2.3367741358893601E-005                  2.7349421630997756E+002                  8.3571549974202505E-002                  9.9994336141118778E-001                  8.4620905335202270E+000                  8.4620905335201968E+000                 -7.4403380796151843E+000                  2.4369481462736386E+000                  4.0197934125061492E+000                 -6.4570706168753034E-001                 -1.0708064959022430E+000 
                 3.9178936282599124E+000                  3.8382332445296608E-008                  8.6332164697200828E-002                  2.3367741358893601E-005                  2.7515407174213789E+002                  8.4907912048479167E-002                  9.9994135474362622E-001                  8.4788640289862975E+000                  8.4788640289862975E+000                 -7.4158686372779137E+000                  2.4395759436217475E+000                  4.0220385743424645E+000                 -6.4924576430366465E-001                 -1.0638273694298250E+000 
                 3.9519938241143615E+000                  4.0559563878147303E-008                  8.7724302839355825E-002                  2.3367741358893601E-005                  2.7675327883652460E+002                  8.6222559528074907E-002                  9.9993729391358810E-001                  8.4952866516307619E+000                  8.4952866516307619E+000                 -7.3919067234560902E+000                  2.4420927746194745E+000                  4.0242180552604276E+000                 -6.5274856407938797E-001                 -1.0568800745143669E+000 
                 3.9831491974073994E+000                  4.2812885889384324E-008                  8.9131890558452331E-002                  2.3367741358893601E-005                  2.7829569302657990E+002                  8.7587958184084727E-002                  9.9993514027898567E-001                  8.5113644983484562E+000                  8.5113644983484562E+000                 -7.3684254966788281E+000                  2.4445064848800104E+000                  4.0263326320813428E+000                 -6.5621416606817251E-001                 -1.0499668816468086E+000 
                 4.0118003298986489E+000                  4.5147559024732221E-008                  9.0554930943336109E-002                  2.3367741358893601E-005                  2.7978983697593310E+002                  8.8968978107890673E-002                  9.9993298664438346E-001                  8.5271046100154084E+000                  8.5271046100154084E+000                 -7.3453657255442026E+000                  2.4468319349808461E+000                  4.0283838607816316E+000                 -6.5964249761482108E-001                 -1.0430878962811665E+000 
                 4.0383063922601083E+000                  4.7562431612611597E-008                  9.1994228232713318E-002                  2.3367741358893601E-005                  2.8123226247473070E+002                  9.0322241222796931E-002                  9.9992836199953905E-001                  8.5425208029231268E+000                  8.5425208029231268E+000                 -7.3227359503329055E+000                  2.4490651404774613E+000                  4.0303747363822318E+000                 -6.6303571047030008E-001                 -1.0362394196687486E+000 
                 4.0629486569553137E+000                  5.0062303065714427E-008                  9.3449520243044384E-002                  2.3367741358893601E-005                  2.8263021354199611E+002                  9.1733351597850232E-002                  9.9992604967711685E-001                  8.5576133373491778E+000                  8.5576133373491778E+000                 -7.3004891749890000E+000                  2.4512185864227796E+000                  4.0323068794690249E+000                 -6.6639342498697141E-001                 -1.0294229238874317E+000 
                 4.0859649910127596E+000                  5.2647950960619324E-008                  9.4921657562019646E-002                  2.3367741358893601E-005                  2.8398286089392121E+002                  9.3161631078641838E-002                  9.9992373735469464E-001                  8.5723961827771848E+000                  8.5723961827772150E+000                 -7.2786185267351522E+000                  2.4532921298200581E+000                  4.0341837606263340E+000                 -6.6971802604994446E-001                 -1.0226346865550655E+000 
                 4.1075396587646429E+000                  5.5322098304149390E-008                  9.6409954385059823E-002                  2.3367741358893601E-005                  2.8529433017658766E+002                  9.4560030032842843E-002                  9.9991877529060591E-001                  8.5868716282101900E+000                  8.5868716282101900E+000                 -7.2571013559555091E+000                  2.4552931405468534E+000                  4.0360069442159263E+000                 -6.7300836548091492E-001                 -1.0158781226188347E+000 
                 4.1278308851884438E+000                  5.8085594518214470E-008                  9.7914136798583642E-002                  2.3367741358893601E-005                  2.8656545012825353E+002                  9.6016230198433958E-002                  9.9991617472405192E-001                  8.6010494313589163E+000                  8.6010494313589483E+000                 -7.2359315611891803E+000                  2.4572238281439773E+000                  4.0377784028611918E+000                 -6.7626436960626934E-001                 -1.0091546004299183E+000 
                 4.1469800090689493E+000                  6.0936891377738962E-008                  9.9434347518395791E-002                  2.3367741358893601E-005                  2.8779369697495201E+002                  9.7442145848669739E-002                  9.9991084846058098E-001                  8.6149448086591747E+000                  8.6149448086591747E+000                 -7.2151197045591848E+000                  2.4590812779510527E+000                  4.0395003590459080E+000                 -6.7948687706478994E-001                 -1.0024635717290711E+000 
                 4.1651106984472337E+000                  6.3884060863404371E-008                  1.0097174670148451E-001                  2.3367741358893601E-005                  2.8898653816397496E+002                  9.8930523972732762E-002                  9.9990812276366403E-001                  8.6285800188182513E+000                  8.6285800188182229E+000                 -7.1946074852305779E+000                  2.4608776123450422E+000                  4.0411755835774956E+000                 -6.8267834143716555E-001                 -9.9580013085274599E-001 
                 4.1823154727018457E+000                  6.6924191548076403E-008                  1.0252563443173215E-001                  2.3367741358893601E-005                  2.9014091016790218E+002                  1.0043370208534128E-001                  9.9990526608872798E-001                  8.6419605854705850E+000                  8.6419605854705850E+000                 -7.1744168664365837E+000                  2.4626089689195427E+000                  4.0428047080195668E+000                 -6.8583756242439187E-001                 -9.8916753460475049E-001 
                 4.1986781600954890E+000                  7.0057354064699887E-008                  1.0409553341578209E-001                  2.3367741358893601E-005                  2.9125728952519654E+002                  1.0190325268773422E-001                  9.9989941565112495E-001                  8.6550916190692213E+000                  8.6550916190692213E+000                 -7.1545462691993134E+000                  2.4642768034358444E+000                  4.0443884674241364E+000                 -6.8896381404849194E-001                 -9.8256790501871871E-001 
                 4.2142814869828866E+000                  7.3292675346666927E-008                  1.0568294635255203E-001                  2.3367741358893601E-005                  2.9234260045053929E+002                  1.0343897518557600E-001                  9.9989642188845784E-001                  8.6679905194681837E+000                  8.6679905194681837E+000                 -7.1349394252970955E+000                  2.4658921056301342E+000                  4.0459292409557230E+000                 -6.9205997098103733E-001                 -9.7599508745618957E-001 
                 4.2291908557609599E+000                  7.6624242909199808E-008                  1.0728773105262045E-001                  2.3367741358893601E-005                  2.9339042557215868E+002                  1.0493872838990824E-001                  9.9989014742281901E-001                  8.6806608653617889E+000                  8.6806608653617889E+000                 -7.1156338035271158E+000                  2.4674459369337698E+000                  4.0474279325055633E+000                 -6.9512613215618835E-001                 -9.6944993917847100E-001 
                 4.2434597207200371E+000                  8.0057611292807464E-008                  1.0890944263094561E-001                  2.3367741358893601E-005                  2.9440644124365787E+002                  1.0650541168608266E-001                  9.9988686005356775E-001                  8.6931022045324422E+000                  8.6931022045324102E+000                 -7.0965973722352738E+000                  2.4689473074441874E+000                  4.0488851783387316E+000                 -6.9816174855802238E-001                 -9.6293446455338472E-001 
                 4.2571384557671310E+000                  8.3591476996571032E-008                  1.1054788510732100E-001                  2.3367741358893601E-005                  2.9538925864916661E+002                  1.0808951572998865E-001                  9.9988357268431660E-001                  8.7053161874043852E+000                  8.7053161874044154E+000                 -7.0778380010544586E+000                  2.4703946987116012E+000                  4.0503020930829123E+000                 -7.0116702932812258E-001                 -9.5644956149780491E-001 
                 4.2702719815745276E+000                  8.7222496559065169E-008                  1.1220280891952160E-001                  2.3367741358893601E-005                  2.9633618261002403E+002                  1.0963293470983834E-001                  9.9987668374944416E-001                  8.7173040590360955E+000                  8.7173040590360955E+000                 -7.0593714867257820E+000                  2.4717846818861395E+000                  4.0516799204060039E+000                 -7.0414204102273981E-001                 -9.4999627068254400E-001 
                 4.2828982772076536E+000                  9.0958267785898757E-008                  1.1387372402442555E-001                  2.3367741358893601E-005                  2.9725433836910429E+002                  1.1124600029394663E-001                  9.9987307491444177E-001                  8.7290659644655513E+000                  8.7290659644655513E+000                 -7.0411578189688360E+000                  2.4731282016538652E+000                  4.0530196342589591E+000                 -7.0708625797346003E-001                 -9.4357647633952213E-001 
                 4.2950613763817937E+000                  9.4808914586096961E-008                  1.1556788126323747E-001                  2.3367741358893601E-005                  2.9814198343122189E+002                  1.1282351436413060E-001                  9.9986568528699871E-001                  8.7406647706065357E+000                  8.7406647706065357E+000                 -7.0231508253884147E+000                  2.4744231362224234E+000                  4.0543289030684173E+000                 -7.1001511340298051E-001                 -9.3716284868642830E-001 
                 4.3067845424931646E+000                  9.8743151680010826E-008                  1.1727086138907133E-001                  2.3367741358893601E-005                  2.9899305934408540E+002                  1.1446778202061586E-001                  9.9986190449455814E-001                  8.7519915749270627E+000                  8.7519915749270627E+000                 -7.0054930151011616E+000                  2.4756611068586678E+000                  4.0555964183658419E+000                 -7.1289920121621397E-001                 -9.3080988481528981E-001 
                 4.3181333630840308E+000                  1.0279258408531988E-007                  1.1899429544590376E-001                  2.3367741358893601E-005                  2.9981737215773660E+002                  1.1613048353047814E-001                  9.9985794382074589E-001                  8.7631389901619858E+000                  8.7631389901619858E+000                 -6.9880382161481212E+000                  2.4768567932230554E+000                  4.0568328733245034E+000                 -7.1576108549045148E-001                 -9.2447385806754534E-001 
                 4.3291216190326827E+000                  1.0694756579731592E-007                  1.2073632593590646E-001                  2.3367741358893601E-005                  3.0060982197969713E+002                  1.1774882041075392E-001                  9.9984983431961683E-001                  8.7741007108106963E+000                  8.7741007108106661E+000                 -6.9708290958313430E+000                  2.4780031663035200E+000                  4.0580378675288626E+000                 -7.1859784884888511E-001                 -9.1816204407008573E-001 
                 4.3397686769412616E+000                  1.1121028341190115E-007                  1.2249586021087319E-001                  2.3367741358893601E-005                  3.0137342192107224E+002                  1.1944673263789676E-001                  9.9984568549229980E-001                  8.7848760682908065E+000                  8.7848760682908065E+000                 -6.9538550524791889E+000                  2.4791049491968682E+000                  4.0592115814122556E+000                 -7.2140789369860825E-001                 -9.1187858818070400E-001 
                 4.3501000405509860E+000                  1.1558412377749442E-007                  1.2427389415362819E-001                  2.3367741358893601E-005                  3.0210924180155104E+002                  1.2116102327405981E-001                  9.9984133987650015E-001                  8.7954766734756156E+000                  8.7954766734756156E+000                 -6.9371018149582158E+000                  2.4801640108488487E+000                  4.0603554661635961E+000                 -7.2419287318880243E-001                 -9.0562009272417865E-001 
                 4.3601378985167418E+000                  1.2006443910993867E-007                  1.2607014830066590E-001                  2.3367741358893601E-005                  3.0281465230250996E+002                  1.2282615203921429E-001                  9.9983244284336559E-001                  8.8059061756390840E+000                  8.8059061756390840E+000                 -6.9205856036312277E+000                  2.4811768854636682E+000                  4.0614700855856976E+000                 -7.2695247425323084E-001                 -8.9938773629032354E-001 
                 4.3699072606047791E+000                  1.2466525197175349E-007                  1.2788695993925581E-001                  2.3367741358893601E-005                  3.0349576918609228E+002                  1.2457829730259964E-001                  9.9982789142603046E-001                  8.8161805368780541E+000                  8.8161805368780541E+000                 -6.9042545808428217E+000                  2.4821526411794945E+000                  4.0625573135964395E+000                 -7.2968988909959553E-001                 -8.9317373632777286E-001 
                 4.3794148674027307E+000                  1.2937557220526072E-007                  1.2972175918233245E-001                  2.3367741358893601E-005                  3.0414877695815221E+002                  1.2634619651810616E-001                  9.9982312480027158E-001                  8.8262898501958400E+000                  8.8262898501958400E+000                 -6.8881477163871212E+000                  2.4830860743325838E+000                  4.0636163271886332E+000                 -7.3240157826309127E-001                 -8.8698717040610131E-001 
                 4.3886794551999486E+000                  1.3419312097484980E-007                  1.3157426193083607E-001                  2.3367741358893601E-005                  3.0477301434731413E+002                  1.2805970283390863E-001                  9.9981336652341757E-001                  8.8362378733561879E+000                  8.8362378733561560E+000                 -6.8722697464564133E+000                  2.4839765103570990E+000                  4.0646478023916570E+000                 -7.3508777296782002E-001                 -8.8082905748977802E-001 
                 4.3977242649081978E+000                  1.3913447647498253E-007                  1.3344628331186470E-001                  2.3367741358893601E-005                  3.0537597501069121E+002                  1.2986383491849424E-001                  9.9980837487232221E-001                  8.8460362722996830E+000                  8.8460362722996511E+000                 -6.8565652417721807E+000                  2.4848348665282716E+000                  4.0656532766922986E+000                 -7.3775114301497968E-001                 -8.7469351749000690E-001 
                 4.4065688834540087E+000                  1.4419340083148751E-007                  1.3533968772131319E-001                  2.3367741358893601E-005                  3.0595191755708231E+002                  1.3161197363601340E-001                  9.9979792103217968E-001                  8.8556959298352531E+000                  8.8556959298352531E+000                 -6.8410546151231877E+000                  2.4856531794101646E+000                  4.0666343650320966E+000                 -7.4039439463619805E-001                 -8.6857482992929691E-001 
                 4.4152286287166032E+000                  1.4937703043262296E-007                  1.3725495358505008E-001                  2.3367741358893601E-005                  3.0650415064154942E+002                  1.3345494935192498E-001                  9.9979244815560175E-001                  8.8652205334209597E+000                  8.8652205334209278E+000                 -6.8257161784462577E+000                  2.4864363599832600E+000                  4.0675919351028602E+000                 -7.4301832497871034E-001                 -8.6247197273702148E-001 
                 4.4237075395561556E+000                  1.5468831250112823E-007                  1.3919110464773277E-001                  2.3367741358893601E-005                  3.0703511872331171E+002                  1.3531985220328580E-001                  9.9978697527902383E-001                  8.8746065913192549E+000                  8.8746900166176204E+000                 -6.8105424982464271E+000                  2.4871880529162471E+000                  4.0685260877962284E+000                 -7.4562175512416373E-001                 -8.5638851850308151E-001 
                 4.4320091940393018E+000                  1.6010919941128037E-007                  1.4114474476060948E-001                  2.3367741358893601E-005                  3.0753966250027634E+002                  1.3711956411675627E-001                  9.9977551531502984E-001                  8.8838422524466356E+000                  8.8842427842857283E+000                 -6.7955837140596147E+000                  2.4879011333582035E+000                  4.0694361366098644E+000                 -7.4820098451620520E-001                 -8.5033528729358798E-001 
                 4.4401459709223809E+000                  1.6565322630855759E-007                  1.4311673610748649E-001                  2.3367741358893601E-005                  3.0802373406478574E+002                  1.3901558996386851E-001                  9.9976951659937374E-001                  8.8929326014005419E+000                  8.8936435954672870E+000                 -6.7808001012588779E+000                  2.4885841812933092E+000                  4.0703230072574925E+000                 -7.5075703842123198E-001                 -8.4430957676343021E-001 
                 4.4481310311082547E+000                  1.7131532324023776E-007                  1.4510703896867844E-001                  2.3367741358893601E-005                  3.0848512738560731E+002                  1.4093109603126749E-001                  9.9976351788371742E-001                  8.9018813749833452E+000                  8.9028998386369889E+000                 -6.7662037899763856E+000                  2.4892342307052555E+000                  4.0711874813821129E+000                 -7.5329046111269249E-001                 -8.3831151994607667E-001 
                 4.4559738010632337E+000                  1.7709144557241968E-007                  1.4711518568017889E-001                  2.3367741358893601E-005                  3.0892287070530284E+002                  1.4277611423831185E-001                  9.9975095873260811E-001                  8.9106905358582544E+000                  8.9120084243897217E+000                 -6.7518024169602509E+000                  2.4898500618620747E+000                  4.0720301368147531E+000                 -7.5580124367202417E-001                 -8.3234249575164776E-001 
                 4.4636823995882269E+000                  1.8299346974281058E-007                  1.4914063731953900E-001                  2.3367741358893601E-005                  3.0934301848827022E+002                  1.4472173935260502E-001                  9.9974438565343471E-001                  8.9193601576160564E+000                  8.9209849998610142E+000                 -6.7375644081125508E+000                  2.4904403188881532E+000                  4.0728513304352223E+000                 -7.5828881702468309E-001                 -8.2640400537995473E-001 
                 4.4712694484852795E+000                  1.8901074984282442E-007                  1.5118388521653900E-001                  2.3367741358893601E-005                  3.0974071289666432E+002                  1.4659445988399047E-001                  9.9973093281010095E-001                  8.9278969151573637E+000                  8.9298208612358376E+000                 -6.7235134949555597E+000                  2.4909982935295369E+000                  4.0736520285130347E+000                 -7.6075444760614253E-001                 -8.2049449808422636E-001 
                 4.4787464461222442E+000                  1.9515105640051409E-007                  1.5324521006044375E-001                  2.3367741358893601E-005                  3.1011922538987807E+002                  1.4857487403839481E-001                  9.9972405304594048E-001                  8.9363052735860045E+000                  8.9385272426125475E+000                 -6.7096290934338612E+000                  2.4915286904727143E+000                  4.0744329498273135E+000                 -7.6319877110325840E-001                 -8.1461309120973247E-001 
                 4.4861262744689441E+000                  2.0142221607682468E-007                  1.5532620480007081E-001                  2.3367741358893601E-005                  3.1048018983210898E+002                  1.5057200113964131E-001                  9.9971685285681389E-001                  8.9445930405615268E+000                  8.9471112111590489E+000                 -6.6958926301703396E+000                  2.4920338952147616E+000                  4.0751950439405338E+000                 -7.6562350068737783E-001                 -8.0875526906206585E-001 
                 4.4934136174708454E+000                  2.0781139955814842E-007                  1.5742533908874320E-001                  2.3367741358893601E-005                  3.1082034752174661E+002                  1.5249049207993526E-001                  9.9970211773298079E-001                  8.9527580527886954E+000                  8.9555696460778176E+000                 -6.6823306327682070E+000                  2.4925094413190503E+000                  4.0759383730042762E+000                 -7.6802732433273169E-001                 -8.0292536256957769E-001 
                 4.5006173083044398E+000                  2.1433130978944730E-007                  1.5954121425244736E-001                  2.3367741358893601E-005                  3.1114611034501212E+002                  1.5452129909471010E-001                  9.9969458279827439E-001                  8.9607991224456978E+000                  8.9639001497778654E+000                 -6.6689143820353722E+000                  2.4929643761673401E+000                  4.0766630808995421E+000                 -7.7040920209223596E-001                 -7.9712710689974009E-001 
                 4.5077517763006778E+000                  2.2097997107800965E-007                  1.6167770217880573E-001                  2.3367741358893601E-005                  3.1145304595293953E+002                  1.5646904796313457E-001                  9.9967881358916399E-001                  8.9687324741398164E+000                  8.9721206681324581E+000                 -6.6556470876021603E+000                  2.4933925822242911E+000                  4.0773708374557662E+000                 -7.7277332302172697E-001                 -7.9134987179703564E-001 
                 4.5148258272741346E+000                  2.2775853646779671E-007                  1.6383302889220963E-001                  2.3367741358893601E-005                  3.1174346190004906E+002                  1.5853358780603038E-001                  9.9967056376309082E-001                  8.9765539696239447E+000                  8.9802269011844835E+000                 -6.6425253365442858E+000                  2.4937973538773579E+000                  4.0780614429722837E+000                 -7.7511790860008845E-001                 -7.8559853957423187E-001 
                 4.5218494792701929E+000                  2.3468398666539577E-007                  1.6601036698882113E-001                  2.3367741358893601E-005                  3.1202017617585904E+002                  1.6062155810403719E-001                  9.9966231393701765E-001                  8.9842759432872619E+000                  8.9882319288467514E+000                 -6.6295165428688785E+000                  2.4941826776895009E+000                  4.0787361301254288E+000                 -7.7744616689884760E-001                 -7.7986479036081369E-001 
                 4.5288235597128628E+000                  2.4172956414183460E-007                  1.6820533699205034E-001                  2.3367741358893601E-005                  3.1227842122007729E+002                  1.6261665424075381E-001                  9.9964505143490401E-001                  8.9918869648625392E+000                  8.9961227657624434E+000                 -6.6166702310219128E+000                  2.4945419747594313E+000                  4.0793941155644600E+000                 -7.7975405467703096E-001                 -7.7416022857719191E-001 
                 4.5357601857762173E+000                  2.4892020737719938E-007                  1.7041949456762714E-001                  2.3367741358893601E-005                  3.1252504064393128E+002                  1.6473530249576057E-001                  9.9963602187838263E-001                  8.9993928079829217E+000                  9.0039063554683487E+000                 -6.6039398458735867E+000                  2.4948848202899723E+000                  4.0800361022939340E+000                 -7.8204290383865416E-001                 -7.6848072706411141E-001 
                 4.5392166286807685E+000                  2.5255902414444171E-007                  1.7153344067334564E-001                  2.3367741358893601E-005                  3.1264086371015247E+002                  1.6574688208213659E-001                  9.9962699232186114E-001                  9.0031062221931961E+000                  9.0077586849564462E+000                 -6.5976371091705692E+000                  2.4950457414726603E+000                  4.0803511668869552E+000                 -7.8318003205823750E-001                 -7.6565120107797868E-001 
