                           1                            2                            3                            4                            5 
              version_number                 initial_mass                    initial_z                    burn_min1                    burn_min2 
                       10398      1.0000000000000000E+000      2.0000000000000000E-002      5.0000000000000000E+001      1.0000000000000000E+003 

                                       1                                        2                                        3                                        4                                        5                                        6                                        7                                        8                                        9                                       10                                       11                                       12                                       13                                       14 
                            log_star_age                               luminosity                                   radius                                star_mass                 surface_cell_temperature                           conv_mx1_top_r                             conv_mx1_top                           center_entropy                              max_entropy                                    log_L                                 log_Teff                             log_center_T                           log_center_Rho                                    log_R 
                 3.4981789125485649E+000                  2.9503520680650808E-008                  6.4817657528029690E-002                  3.3382487655562300E-005                  2.9733854684390332E+002                  3.0623067688984595E-002                  6.9761802207923806E-001                  8.3738971903354962E+000                  8.3738971903355264E+000                 -7.5301261561931456E+000                  2.4732512132615359E+000                  4.0596411861866972E+000                 -5.2633355929576142E-001                 -1.1883066681670178E+000 
                 3.5493129248097679E+000                  3.0046279236522459E-008                  6.5053228665517618E-002                  3.3382487655562300E-005                  2.9815539092170337E+002                  6.4391276441442338E-002                  9.9998340485443926E-001                  8.3798871551272818E+000                  8.3798871551272534E+000                 -7.5222093009356206E+000                  2.4744426650123108E+000                  4.0605744408664028E+000                 -5.2734407979394937E-001                 -1.1867311440398052E+000 
                 3.6137504880880513E+000                  3.0842436363610279E-008                  6.5394778107332255E-002                  3.3382487655562300E-005                  2.9932642133656265E+002                  6.4730532552904507E-002                  9.9998340485443926E-001                  8.3884838490323386E+000                  8.3884838490323386E+000                 -7.5108513226613178E+000                  2.4761450523110353E+000                  4.0619105915777363E+000                 -5.2879849517696431E-001                 -1.1844569295001033E+000 
                 3.6924111023456430E+000                  3.2022357249862641E-008                  6.5891423745054689E-002                  3.3382487655562300E-005                  3.0100818014032387E+002                  6.5208561827205025E-002                  9.9998289140038077E-001                  8.4008026692004876E+000                  8.4008026692005178E+000                 -7.4945467016819665E+000                  2.4785782969851522E+000                  4.0638187434229236E+000                 -5.3089035632963089E-001                 -1.1811711083586611E+000 
                 3.7853283553361341E+000                  3.3787181784791899E-008                  6.6616516984501384E-002                  3.3382487655562300E-005                  3.0340759664887747E+002                  6.5929084644598540E-002                  9.9998289140038077E-001                  8.4184147843757398E+000                  8.4184147843757398E+000                 -7.4712480315561764E+000                  2.4820264493115585E+000                  4.0665338225835095E+000                 -5.3389685476276316E-001                 -1.1764180779485793E+000 
                 3.8863452617778340E+000                  3.6317710184727597E-008                  6.7621194624427269E-002                  3.3382487655562300E-005                  3.0663209794796035E+002                  6.6912382628559558E-002                  9.9998237794632228E-001                  8.4421225024004105E+000                  8.4421225024004407E+000                 -7.4398815413592851E+000                  2.4866176134233631E+000                  4.0701648074981103E+000                 -5.3798053083920638E-001                 -1.1699171610737420E+000 
                 3.9756881164833646E+000                  3.9285756384774305E-008                  6.8753652388084896E-002                  3.3382487655562300E-005                  3.1012752407719557E+002                  6.8023148230086261E-002                  9.9998186449226378E-001                  8.4679317384242534E+000                  8.4679317384242534E+000                 -7.4057648807888752E+000                  2.4915403109971570E+000                  4.0740852321681276E+000                 -5.4248987036356766E-001                 -1.1627042259361249E+000 
                 4.0511073013352021E+000                  4.2518687572773600E-008                  6.9938349709433342E-002                  3.3382487655562300E-005                  3.1362934542620582E+002                  6.9186325042425514E-002                  9.9998135103820507E-001                  8.4939560152615883E+000                  8.4939560152615883E+000                 -7.3714201493392162E+000                  2.4964166907291920E+000                  4.0780020723494239E+000                 -5.4710912891020458E-001                 -1.1552846196753652E+000 
                 4.1153501246864215E+000                  4.5968566892028092E-008                  7.1153862107115828E-002                  3.3382487655562300E-005                  3.1706289543126536E+002                  7.0379810875099466E-002                  9.9998081230789682E-001                  8.5196674613480141E+000                  8.5196674613480141E+000                 -7.3375390355271719E+000                  2.5011454204422545E+000                  4.0818350161396193E+000                 -5.5172972935393105E-001                 -1.1478015221954680E+000 
                 4.1710211455393171E+000                  4.9625844266301044E-008                  7.2394826426102912E-002                  3.3382487655562300E-005                  3.2040746840066356E+002                  7.1599016481430869E-002                  9.9998027357758856E-001                  8.5449279205405393E+000                  8.5449279205405393E+000                 -7.3042920916731235E+000                  2.5057026297155165E+000                  4.0855649253194670E+000                 -5.5630360412966751E-001                 -1.1402924688149683E+000 
                 4.2199877993839072E+000                  5.3483624231312810E-008                  7.3657511446826293E-002                  3.3382487655562300E-005                  3.2365036806800293E+002                  7.2840197982176114E-002                  9.9997973484728031E-001                  8.5696621081424453E+000                  8.5696621081424453E+000                 -7.2717791711495838E+000                  2.5100761044757514E+000                  4.0891827864817012E+000                 -5.6080910328187294E-001                 -1.1327829580736679E+000 
                 4.2636398049403468E+000                  5.7543460188666579E-008                  7.4941737253753110E-002                  3.3382487655562300E-005                  3.2678832630703528E+002                  7.4119933208473321E-002                  9.9997973484728031E-001                  8.5938826606269707E+000                  8.5938826606269707E+000                 -7.2400040267755132E+000                  2.5142665333199878E+000                  4.0926923324765854E+000                 -5.6525810300596202E-001                 -1.1252762435751054E+000 
                 4.3029326407157935E+000                  6.1797764547074810E-008                  7.6244716663071477E-002                  3.3382487655562300E-005                  3.2981297183808272E+002                  7.5401897250717803E-002                  9.9997919611697206E-001                  8.6175609735940792E+000                  8.6175609735941112E+000                 -7.2090272346592306E+000                  2.5182677321328883E+000                  4.0960901578113980E+000                 -5.6965630127617028E-001                 -1.1177902451427655E+000 
                 4.3386273330624219E+000                  6.6245847489837629E-008                  7.7565964131671564E-002                  3.3382487655562300E-005                  3.3272350814966336E+002                  7.6701477773644666E-002                  9.9997863089325090E-001                  8.6407080779422571E+000                  8.6407080779422571E+000                 -7.1788413395612718E+000                  2.5220834858022689E+000                  4.0993782153200833E+000                 -5.7400797309389806E-001                 -1.1103288049325468E+000 
                 4.3713277479292936E+000                  7.0893576923303245E-008                  7.8906118389284186E-002                  3.3382487655562300E-005                  3.3552570786212135E+002                  7.8020104654793102E-002                  9.9997806566953007E-001                  8.6633443428083652E+000                  8.6633443428083652E+000                 -7.1493931108413253E+000                  2.5257258006369847E+000                  4.1025602696658412E+000                 -5.7831096795902726E-001                 -1.1028893202420058E+000 
                 4.4014989724979667E+000                  7.5754341910527726E-008                  8.0269438929283649E-002                  3.3382487655562300E-005                  3.3822537549469200E+002                  7.9362005115402007E-002                  9.9997750044580913E-001                  8.6855382792484335E+000                  8.6855382792484335E+000                 -7.1205924702349916E+000                  2.5292061869988358E+000                  4.1056479726400097E+000                 -5.8256976239057456E-001                 -1.0954497726625403E+000 
                 4.4294735533528682E+000                  8.0800700198125910E-008                  8.1647945264808106E-002                  3.3382487655562300E-005                  3.4080861936840392E+002                  8.0737223827061860E-002                  9.9997750044580913E-001                  8.7071416579815075E+000                  8.7071416579815075E+000                 -7.0925848757246124E+000                  2.5325105693723131E+000                  4.1086245140617494E+000                 -5.8675059712189004E-001                 -1.0880547401543061E+000 
                 4.4555617433482020E+000                  8.6049933768044387E-008                  8.3045642182476218E-002                  3.3382487655562300E-005                  3.4328800593745109E+002                  8.2113768234979678E-002                  9.9997693522208819E-001                  8.7282331914610936E+000                  8.7282331914610936E+000                 -7.0652494596093307E+000                  2.5356586294261154E+000                  4.1115039581521566E+000                 -5.9086935388601569E-001                 -1.0806831522042697E+000 
                 4.4799804890828936E+000                  9.1496050476395732E-008                  8.4461011693017118E-002                  3.3382487655562300E-005                  3.4566218117240260E+002                  8.3488235369284888E-002                  9.9997574923983878E-001                  8.7488118481601092E+000                  8.7488118481601411E+000                 -7.0385976523087139E+000                  2.5386518655505625E+000                  4.1142878156723963E+000                 -5.9492853117021594E-001                 -1.0733437208028556E+000 
                 4.5029308375658958E+000                  9.7123284996075316E-008                  8.5893868451484431E-002                  3.3382487655562300E-005                  3.4791982653126774E+002                  8.4918260888510608E-002                  9.9997574923983878E-001                  8.7689051777114262E+000                  8.7689051777114582E+000                 -7.0126766368995685E+000                  2.5414791776255514E+000                  4.1169799456191454E+000                 -5.9893638953826212E-001                 -1.0660378372482602E+000 
                 4.5245801549453937E+000                  1.0296004090377855E-007                  8.7343779880966976E-002                  3.3382487655562300E-005                  3.5009072417302843E+002                  8.6327437824363293E-002                  9.9997456325758949E-001                  8.7885364739389793E+000                  8.7885364739389793E+000                 -6.9873312935679097E+000                  2.5441806035953434E+000                  4.1195828571251054E+000                 -6.0289946751301382E-001                 -1.0587680175220151E+000 
                 4.5450767798830194E+000                  1.0897579885129265E-007                  8.8811028949519130E-002                  3.3382487655562300E-005                  3.5215064090351535E+002                  8.7792190759909863E-002                  9.9997456325758938E-001                  8.8077322394945412E+000                  8.8077322394945412E+000                 -6.9626699386861750E+000                  2.5467284826784478E+000                  4.1220997814957672E+000                 -6.0682329450817318E-001                 -1.0515330982473567E+000 
                 4.5645482268946242E+000                  1.1520002863044864E-007                  9.0295604643399405E-002                  3.3382487655562300E-005                  3.5412717928414031E+002                  8.9254444128623073E-002                  9.9997394116571225E-001                  8.8264951837057488E+000                  8.8264951837057488E+000                 -6.9385474129783935E+000                  2.5491592597340236E+000                  4.1245325641205213E+000                 -6.1070579566956917E-001                 -1.0443333895046174E+000 
                 4.5831118155962107E+000                  1.2163612848384804E-007                  9.1799439202923910E-002                  3.3382487655562300E-005                  3.5602053767670822E+002                  9.0736123048845346E-002                  9.9997331907383524E-001                  8.8448376119285985E+000                  8.8448376119285985E+000                 -6.9149374113235247E+000                  2.5514750513297759E+000                  4.1268858070916297E+000                 -6.1454625449685640E-001                 -1.0371599718686870E+000 
                 4.6008524743244177E+000                  1.2828853180191641E-007                  9.3321408172877970E-002                  3.3382487655562300E-005                  3.5783740491526760E+002                  9.2216074543805537E-002                  9.9997207489008100E-001                  8.8627418317774165E+000                  8.8627418317774165E+000                 -6.8918121651196520E+000                  2.5536857352187172E+000                  4.1291606819132589E+000                 -6.1833695143275613E-001                 -1.0300187165446333E+000 
                 4.6178471970010992E+000                  1.3513782047188482E-007                  9.4860865453195137E-002                  3.3382487655562300E-005                  3.5956723038184703E+002                  9.3753838741729642E-002                  9.9997207489008100E-001                  8.8802098265108231E+000                  8.8802098265108551E+000                 -6.8692230897374209E+000                  2.5557801045048283E+000                  4.1313600472070267E+000                 -6.2207467755259793E-001                 -1.0229129174257410E+000 
                 4.6341670527075118E+000                  1.4220643562226734E-007                  9.6417446648369737E-002                  3.3382487655562300E-005                  3.6122800971027237E+002                  9.5266875792231684E-002                  9.9997076971417065E-001                  8.8972552486452070E+000                  8.8972552486451750E+000                 -6.8470807489508809E+000                  2.5577814178880636E+000                  4.1334869390880815E+000                 -6.2575978931398701E-001                 -1.0158443737989402E+000 
                 4.6498740585511316E+000                  1.4947472156656234E-007                  9.7990507726133769E-002                  3.3382487655562300E-005                  3.6281008691309154E+002                  9.6817709792450551E-002                  9.9997011712621531E-001                  8.9138981209707282E+000                  8.9138981209707282E+000                 -6.8254322468873614E+000                  2.5596793525450798E+000                  4.1355441023862971E+000                 -6.2939487935652738E-001                 -1.0088159920812139E+000 
                 4.6650271951080908E+000                  1.5696249234743307E-007                  9.9579878897327292E-002                  3.3382487655562300E-005                  3.6432803647009075E+002                  9.8385099209899518E-002                  9.9996946453826008E-001                  8.9301641538040979E+000                  8.9301641538040979E+000                 -6.8042041139132632E+000                  2.5614925928586874E+000                  4.1375343013709234E+000                 -6.3298438122136214E-001                 -1.0018284062213794E+000 
                 4.6796711139895981E+000                  1.6467050201491850E-007                  1.0118442648527180E-001                  3.3382487655562300E-005                  3.6578554039492974E+002                  9.9944975620586365E-002                  9.9996809545008292E-001                  8.9460689645326585E+000                  8.9460689645326585E+000                 -6.7833841905054229E+000                  2.5632265333795665E+000                  4.1394588580036364E+000                 -6.3653084052032205E-001                 -9.9488632555921785E-001 
                 4.6938577747862045E+000                  1.7257800562604747E-007                  1.0280433828785611E-001                  3.3382487655562300E-005                  3.6717242596514609E+002                  1.0156440132966496E-001                  9.9996809545008281E-001                  8.9616369759863215E+000                  8.9616369759863215E+000                 -6.7630145541822158E+000                  2.5648700586608468E+000                  4.1413204466486802E+000                 -6.4003882568545656E-001                 -9.8798855796017526E-001 
                 4.7076357660900126E+000                  1.8070993655454862E-007                  1.0444014321993099E-001                  3.3382487655562300E-005                  3.6850314399278903E+002                  1.0315618731356900E-001                  9.9996672636190542E-001                  8.9768825398317116E+000                  8.9768825398317116E+000                 -6.7430179665748513E+000                  2.5664411972305143E+000                  4.1431214838062829E+000                 -6.4351009847317464E-001                 -9.8113254129582728E-001 
                 4.7210461350581880E+000                  1.8907108293301213E-007                  1.0609193984658849E-001                  3.3382487655562300E-005                  3.6978092222991785E+002                  1.0476227970882568E-001                  9.9996529030606673E-001                  8.9918058165041224E+000                  8.9918058165041224E+000                 -6.7233748883043241E+000                  2.5679445009626067E+000                  4.1448638890394003E+000                 -6.4694264588502270E-001                 -9.7431760962474823E-001 
                 4.7341394576852727E+000                  1.9761611710546549E-007                  1.0775496036485588E-001                  3.3382487655562300E-005                  3.7099356198683148E+002                  1.0642560296432740E-001                  9.9996529030606662E-001                  9.0063720795539091E+000                  9.0063720795539091E+000                 -6.7041776382679963E+000                  2.5693663729111429E+000                  4.1465461658383278E+000                 -6.5032587044583756E-001                 -9.6756272850365710E-001 
