                           1                            2                            3                            4                            5 
              version_number                 initial_mass                    initial_z                    burn_min1                    burn_min2 
                       10398      1.0000000000000000E+000      2.0000000000000000E-002      5.0000000000000000E+001      1.0000000000000000E+003 

                                       1                                        2                                        3                                        4                                        5                                        6                                        7                                        8                                        9                                       10                                       11                                       12                                       13                                       14 
                            log_star_age                               luminosity                                   radius                                star_mass                 surface_cell_temperature                           conv_mx1_top_r                             conv_mx1_top                           center_entropy                              max_entropy                                    log_L                                 log_Teff                             log_center_T                           log_center_Rho                                    log_R 
                -4.9999999999999991E+000                  1.8238410454710992E-007                  3.1516517202208855E-001                  9.0133452877088572E-005                  2.1295824320913184E+002                  3.0771079249579514E-001                  9.9992205476141649E-001                  8.4328102213323266E+000                  8.4328162226208168E+000                 -6.7390130147372798E+000                  2.3276070551115575E+000                  3.9008239789640506E+000                 -9.2390386054416318E-001                 -5.0146178113912809E-001 
                -4.7447274948966935E+000                  1.8390699955723603E-007                  3.1526929572004647E-001                  9.0133452877088572E-005                  2.1302871400472446E+002                  8.1119489648321663E-002                  3.2817603844159343E-001                  8.4327514369799115E+000                  8.4891742700212305E+000                 -6.7354017410651661E+000                  2.3284381446661064E+000                  3.9008967215514079E+000                 -9.2366008303228353E-001                 -5.0131832341216831E-001 
                -4.4432737312953163E+000                  1.8393693164226562E-007                  3.1542602133641057E-001                  9.0133452877088572E-005                  2.1298444895368843E+002                  8.2001820188472879E-002                  3.3587429661087809E-001                  8.4326521694648289E+000                  8.5016423177165592E+000                 -6.7353310625067540E+000                  2.3283478936189366E+000                  3.9009094906918236E+000                 -9.2356647361922817E-001                 -5.0110248203862362E-001 
                -4.2075680158590956E+000                  1.8394274665647819E-007                  3.1548485137567922E-001                  9.0133452877088572E-005                  2.1296627304444394E+002                  1.7055567590359180E-001                  8.9611928757698012E-001                  8.4325218912055515E+000                  8.4941997595803294E+000                 -6.7353173328623406E+000                  2.3283108297212842E+000                  3.9008956169808280E+000                 -9.2353211759376874E-001                 -5.0102148942111258E-001 
                -4.0025986361384671E+000                  1.8397222721547568E-007                  3.1550437271048376E-001                  9.0133452877088572E-005                  2.1296821673173309E+002                  1.7173170881930475E-001                  8.9932376912337930E-001                  8.4322739177239665E+000                  8.4832114547674120E+000                 -6.7352477339330630E+000                  2.3283147933953257E+000                  3.9008663379616353E+000                 -9.2347501816670774E-001                 -5.0099461730455630E-001 
                -3.8145822824612141E+000                  1.8405717986901589E-007                  3.1552647303200221E-001                  9.0133452877088572E-005                  2.1298533857610400E+002                  1.7173409506601389E-001                  8.9932376912337930E-001                  8.4319048848775200E+000                  8.4770973618711931E+000                 -6.7350472365347533E+000                  2.3283497076363129E+000                  3.9008206990840617E+000                 -9.2339600794580834E-001                 -5.0096419708737538E-001 
                -3.6367568530164855E+000                  1.8419270966237531E-007                  3.1555226882414439E-001                  9.0133452877088572E-005                  2.1301582813583553E+002                  1.7173725808980930E-001                  8.9932376912337930E-001                  8.4313689503135496E+000                  8.4721855077899377E+000                 -6.7347275631514325E+000                  2.3284118738864898E+000                  3.9007543384833858E+000                 -9.2328148925266951E-001                 -5.0092869289606967E-001 
                -3.4653739616573347E+000                  1.8437548765510725E-007                  3.1558266145265096E-001                  9.0133452877088572E-005                  2.1305839323147939E+002                  1.7174133345698939E-001                  8.9932376912337930E-001                  8.4306566730562214E+000                  8.4681670895070909E+000                 -6.7342968180098719E+000                  2.3284986464968038E+000                  3.9006638166474152E+000                 -9.2313599585644979E-001                 -5.0088686554591699E-001 
                -3.2981938450038490E+000                  1.8461271151651457E-007                  3.1561837866276349E-001                  9.0133452877088572E-005                  2.1311483257963386E+002                  1.7174657654741313E-001                  8.9932376912337930E-001                  8.4297220663250680E+000                  8.4649897325366972E+000                 -6.7337383989145705E+000                  2.3286136762362242E+000                  3.9005432273469416E+000                 -9.2295030020491176E-001                 -5.0083771547710665E-001 
                -3.1338116586406080E+000                  1.8492234871262254E-007                  3.1566061528838901E-001                  9.0133452877088572E-005                  2.1318987260151073E+002                  1.7175315661160093E-001                  8.9932376912337930E-001                  8.4282592278849755E+000                  8.4623224251709033E+000                 -6.7330105991921334E+000                  2.3287665690721946E+000                  3.9003467170188384E+000                 -9.2268203717025143E-001                 -5.0077960128782895E-001 
                -2.9713173784497782E+000                  1.8532723383863634E-007                  3.1571033217238537E-001                  9.0133452877088572E-005                  2.1328967502420610E+002                  1.7176116166247343E-001                  8.9932376912337930E-001                  8.4265644462362275E+000                  8.4600090444007794E+000                 -6.7320607564135777E+000                  2.3289698315375542E+000                  3.9001174045354663E+000                 -9.2237591718651302E-001                 -5.0071120482927001E-001 
                -2.8101085426411738E+000                  1.8585406000126576E-007                  3.1576758135495780E-001                  9.0133452877088572E-005                  2.1342174283460815E+002                  1.7177039669526190E-001                  8.9932376912337930E-001                  8.4248947635554821E+000                  8.4580947438035601E+000                 -6.7308279472565138E+000                  2.3292386611051139E+000                  3.8998921356195311E+000                 -9.2207238376527245E-001                 -5.0063245938585799E-001 
                -2.6497803415249317E+000                  1.8661029094671803E-007                  3.1583158099262160E-001                  9.0133452877088572E-005                  2.1361686618404693E+002                  1.7178081932061098E-001                  8.9932376912337930E-001                  8.4234854428175581E+000                  8.4567966440785014E+000                 -6.7290644100100048E+000                  2.3296355385667749E+000                  3.8997046568244591E+000                 -9.2180842612367675E-001                 -5.0054444568592527E-001 
                -2.4900579895918260E+000                  1.8795200328308344E-007                  3.1590255295154263E-001                  9.0133452877088572E-005                  2.1397576668457711E+002                  1.7179277189118786E-001                  8.9932376912337930E-001                  8.4223083269409003E+000                  8.4555988271728815E+000                 -6.7259530410054902E+000                  2.3303645901501167E+000                  3.8995501805552459E+000                 -9.2158180936430456E-001                 -5.0044686435035135E-001 
                -2.3307536493364882E+000                  1.9010998113287198E-007                  3.1597713688989465E-001                  9.0133452877088572E-005                  2.1456200514024655E+002                  1.3568685327164992E-001                  7.5341651195568904E-001                  8.4213338458854974E+000                  8.4546663209251864E+000                 -6.7209950812558814E+000                  2.3315528181249392E+000                  3.8994235051833099E+000                 -9.2139068043765138E-001                 -5.0034434042519260E-001 
                -2.1717382956924278E+000                  1.9292520422554273E-007                  3.1604752882599435E-001                  9.0133452877088572E-005                  2.1532797784114479E+002                  1.3817827965499718E-001                  7.6705657762896196E-001                  8.4205813779335621E+000                  8.4539756532233934E+000                 -6.7146110313450587E+000                  2.3331004609246828E+000                  3.8993272186737555E+000                 -9.2123865721245723E-001                 -5.0024760106926769E-001 
                -2.0129230042524795E+000                  1.9630052566164912E-007                  3.1610835856182712E-001                  9.0133452877088572E-005                  2.1624286916564873E+002                  1.4188448458016265E-001                  7.8627673580786106E-001                  8.4199985046191284E+000                  8.4594154248063127E+000                 -6.7070785374267485E+000                  2.3349417940496711E+000                  3.8992534785413584E+000                 -9.2111844351107841E-001                 -5.0016402036009011E-001 
                -1.8542463456926053E+000                  2.0036615912312979E-007                  3.1615681634525844E-001                  9.0133452877088572E-005                  2.1733728509809333E+002                  1.4678026554956528E-001                  8.0972661688368741E-001                  8.4195506200174322E+000                  8.4677031450303311E+000                 -6.6981756268523753E+000                  2.3371342366906647E+000                  3.8991971871261835E+000                 -9.2102499057764953E-001                 -5.0009745035489006E-001 
                -1.6956658160763287E+000                  2.0541815509883916E-007                  3.1618998251340291E-001                  9.0133452877088572E-005                  2.1868302464315266E+002                  1.5163404035356765E-001                  8.3087384850283730E-001                  8.4192180217752366E+000                  8.4765874453879064E+000                 -6.6873611755838898E+000                  2.3398150710516439E+000                  3.8991556143743082E+000                 -9.2095492622775477E-001                 -5.0005189344260637E-001 
                -1.5371519734142094E+000                  2.1184081194709615E-007                  3.1620308274276415E-001                  9.0133452877088572E-005                  2.2036812550771884E+002                  1.5405078161436739E-001                  8.4064458622271943E-001                  8.4189756479895053E+000                  8.4860561281957754E+000                 -6.6739903676658674E+000                  2.3431487764787891E+000                  3.8991253694215420E+000                 -9.2090372090036343E-001                 -5.0003390033788520E-001 
                -1.3786844077826583E+000                  2.1978734053531614E-007                  3.1619442268386194E-001                  9.0133452877088572E-005                  2.2240932146222161E+002                  1.5645748632754689E-001                  8.4991105369900333E-001                  8.4188065174150619E+000                  8.4959450964011154E+000                 -6.6579973259889149E+000                  2.3471529841317880E+000                  3.8991043677614039E+000                 -9.2086768894387472E-001                 -5.0004579480540645E-001 
                -1.2202489629077349E+000                  2.2891451243429395E-007                  3.1616987925026585E-001                  9.0133452877088572E-005                  2.2469194525713021E+002                  1.5765938718574624E-001                  8.5436220091552140E-001                  8.4186922557076294E+000                  8.5059987866683411E+000                 -6.6403266735974347E+000                  2.3515875031428561E+000                  3.8990902572783832E+000                 -9.2084312068285257E-001                 -5.0007950663180301E-001 
                -1.0618358163689525E+000                  2.3851635210910059E-007                  3.1614086020013832E-001                  9.0133452877088572E-005                  2.2702236495760690E+002                  1.5885780477945546E-001                  8.5869560682446067E-001                  8.4186188033335565E+000                  8.5160205111819671E+000                 -6.6224818414150244E+000                  2.3560686425490429E+000                  3.8990812583840415E+000                 -9.2082711890061286E-001                 -5.0011936935297163E-001 
                -9.0343815105252945E-001                  2.4802406261976600E-007                  3.1611603194291477E-001                  9.0133452877088572E-005                  2.2926069917248509E+002                  1.6005311707265049E-001                  8.6291394979893543E-001                  8.4185735334240128E+000                  8.5259299594876392E+000                 -6.6055061830607187E+000                  2.3603296115584520E+000                  3.8990757601819661E+000                 -9.2081711794262588E-001                 -5.0015347819463707E-001 
                -7.4505123478513768E-001                  2.5720372857924631E-007                  3.1609709227065863E-001                  9.0133452877088572E-005                  2.3136011090288451E+002                  1.6005433797794477E-001                  8.6291394979893543E-001                  8.4185468435631012E+000                  8.5356152787930828E+000                 -6.5897227399093437E+000                  2.3642884828246258E+000                  3.8990725596214646E+000                 -9.2081110298736235E-001                 -5.0017949915129656E-001 
                -5.8667178226734429E-001                  2.6590451210690660E-007                  3.1608096609250869E-001                  9.0133452877088572E-005                  2.3329835355096910E+002                  1.6005499806457882E-001                  8.6291394979893543E-001                  8.4185316920596200E+000                  8.5447471256777128E+000                 -6.5752742931065473E+000                  2.3679116729075838E+000                  3.8990707879941282E+000                 -9.2080755737760911E-001                 -5.0020165591581434E-001 
                -4.2829751249056580E-001                  2.7371719023768053E-007                  3.1606499424140488E-001                  9.0133452877088572E-005                  2.3499939184939032E+002                  1.6005532015207277E-001                  8.6291394979893543E-001                  8.4185233795559427E+000                  8.5528106868300604E+000                 -6.5626979267735415E+000                  2.3710667374104406E+000                  3.8990698637529446E+000                 -9.2080547415612235E-001                 -5.0022360175502523E-001 
                -2.6992684163772468E-001                  2.8004998383398781E-007                  3.1604691948534408E-001                  9.0133452877088572E-005                  2.3635376585549253E+002                  1.6005545016868852E-001                  8.6291394979893543E-001                  8.4185189509422944E+000                  8.5592242368296159E+000                 -6.5527644480650853E+000                  2.3735625254056574E+000                  3.8990694195583888E+000                 -9.2080422486384861E-001                 -5.0024843839123034E-001 
                -1.1155866994032208E-001                  2.8435686645091682E-007                  3.1602419012928568E-001                  9.0133452877088572E-005                  2.3726582349551157E+002                  1.6005547457055044E-001                  8.6291394979893543E-001                  8.4185166468612405E+000                  8.5635225291628636E+000                 -6.5461362802455083E+000                  2.3752351846443784E+000                  3.8990692382635697E+000                 -9.2080343084837346E-001                 -5.0027967295888420E-001 
                 4.6807766279389248E-002                  2.8636986402409409E-007                  3.1599351780879931E-001                  9.0133452877088572E-005                  2.3769615721753544E+002                  1.6005543761800417E-001                  8.6291394979893543E-001                  8.4185154712431807E+000                  8.5655208440104147E+000                 -6.5430726867017057E+000                  2.3760221596858999E+000                  3.8990692025150810E+000                 -9.2080286157966629E-001                 -5.0032182627002575E-001 
                 2.0517299732888547E-001                  2.8620848869266272E-007                  3.1595059587450330E-001                  9.0133452877088572E-005                  2.3767880617135214E+002                  1.6005535495367859E-001                  8.6291394979893543E-001                  8.4185148822139162E+000                  8.5653788338445569E+000                 -6.5433174895919270E+000                  2.3759904564439638E+000                  3.8990692582578239E+000                 -9.2080236334308840E-001                 -5.0038082123126493E-001 
                 3.6353739146553227E-001                  2.8425884777159654E-007                  3.1589016203505088E-001                  9.0133452877088572E-005                  2.3729569901801827E+002                  1.6005522333026917E-001                  8.6291394979893543E-001                  8.4185145938496362E+000                  8.5634776574491092E+000                 -6.5462860086856800E+000                  2.3752898657493930E+000                  3.8990693901974609E+000                 -9.2080181677334139E-001                 -5.0046389938899971E-001 
                 5.2190120441796228E-001                  2.8080589325813262E-007                  3.1580500605410639E-001                  9.0133452877088572E-005                  2.3660366559945672E+002                  1.6005502799190788E-001                  8.6291394979893543E-001                  8.4185144592213454E+000                  8.5600741546260988E+000                 -6.5515937819317260E+000                  2.3740214677216156E+000                  3.8990696055053231E+000                 -9.2080111706222800E-001                 -5.0058098995646805E-001 
                 6.8026461377277914E-001                  2.7583360007445948E-007                  3.1568619716048968E-001                  9.0133452877088572E-005                  2.3559355979262727E+002                  1.6005474567478309E-001                  8.6291394979893543E-001                  8.4185144045104927E+000                  8.5551080820482994E+000                 -6.5593528322931389E+000                  2.3721634133914011E+000                  3.8990699259790080E+000                 -9.2080015893371203E-001                 -5.0074440647674545E-001 
                 8.3862774285269948E-001                  2.6913672510287794E-007                  3.1552339500169241E-001                  9.0133452877088572E-005                  2.3421077812336520E+002                  1.6005434342249208E-001                  8.6291394979893543E-001                  8.4185143909603859E+000                  8.5483038451651101E+000                 -6.5700270364566800E+000                  2.3696068759853741E+000                  3.8990703866074163E+000                 -9.2079881902384819E-001                 -5.0096843374646172E-001 
                 9.9699067729786528E-001                  2.6074279555487966E-007                  3.1531111607871637E-001                  9.0133452877088572E-005                  2.3244106568125451E+002                  1.6005377277295782E-001                  8.6291394979893543E-001                  8.4185143910704188E+000                  8.5396096406007622E+000                 -6.5837876824948589E+000                  2.3663128567155667E+000                  3.8990710401627644E+000                 -9.2079692897987309E-001                 -5.0126071822593565E-001 
                 1.1553534765802915E+000                  2.5543278934791001E-007                  3.1515338683235999E-001                  9.0133452877088572E-005                  2.3130637696821546E+002                  1.6005289352507643E-001                  8.6291394979893543E-001                  8.4185144104976803E+000                  8.5340457733782209E+000                 -6.5927233540623069E+000                  2.3641875903694145E+000                  3.8990720485287729E+000                 -9.2079402386961329E-001                 -5.0147802131735530E-001 
                 1.3137161819998415E+000                  2.5306081149462801E-007                  3.1503629549633322E-001                  9.0133452877088572E-005                  2.3081038631571388E+002                  1.6005158305330675E-001                  8.6291394979893543E-001                  8.4185144569580128E+000                  8.5315643377710959E+000                 -6.5967751036341626E+000                  2.3632553463345394E+000                  3.8990735534318781E+000                 -9.2078969824151602E-001                 -5.0163940803353380E-001 
                 1.4720788222369048E+000                  2.5133149734899297E-007                  3.1492549469344122E-001                  9.0133452877088572E-005                  2.3045558564305668E+002                  1.6004970551549333E-001                  8.6291394979893543E-001                  8.4185145389850842E+000                  8.5297602585722760E+000                 -6.5997530813728860E+000                  2.3625872377672748E+000                  3.8990757116507266E+000                 -9.2078350359284156E-001                 -5.0179217976836610E-001 
                 1.6304414172083841E+000                  2.4952839937815209E-007                  3.1479364443485996E-001                  9.0133452877088572E-005                  2.3008930730951604E+002                  1.6004702705368615E-001                  8.6291394979893543E-001                  8.4185146712587642E+000                  8.5278823921514046E+000                 -6.6028800192136092E+000                  2.3618964356561651E+000                  3.8990787928378792E+000                 -9.2077466852923429E-001                 -5.0197404446650884E-001 
                 1.7888039807454457E+000                  2.4761076862371659E-007                  3.1463779759828625E-001                  9.0133452877088572E-005                  2.2970283461002816E+002                  1.6004321590611378E-001                  8.6291394979893543E-001                  8.4185148746013461E+000                  8.5258888938821045E+000                 -6.6062304717191243E+000                  2.3611663535776648E+000                  3.8990831794674419E+000                 -9.2076209894206829E-001                 -5.0218910656226479E-001 
                 1.9471665224530577E+000                  2.4577493606369849E-007                  3.1446624442396309E-001                  9.0133452877088572E-005                  2.2933841154036691E+002                  1.6003781755993612E-001                  8.6291394979893543E-001                  8.4185151775400833E+000                  8.5239867756827650E+000                 -6.6094624082039992E+000                  2.3604767991498377E+000                  3.8990893955487880E+000                 -9.2074429591616236E-001                 -5.0242596594904854E-001 
                 2.1055290490013334E+000                  2.4367797768050149E-007                  3.1425377804420823E-001                  9.0133452877088572E-005                  2.2892500685625174E+002                  1.6003015637516091E-001                  8.6291394979893543E-001                  8.4185156224898314E+000                  8.5218199539331412E+000                 -6.6131837182670745E+000                  2.3596932348617896E+000                  3.8990982201217483E+000                 -9.2071903115453757E-001                 -5.0271949240448988E-001 
                 2.2638915650222939E+000                  2.4131958109645795E-007                  3.1399447977783501E-001                  9.0133452877088572E-005                  2.2846335672618895E+002                  1.6001931735389952E-001                  8.6291394979893543E-001                  8.4185162669079219E+000                  8.5193905428122001E+000                 -6.6174074372411571E+000                  2.3588165524321218E+000                  3.8991107085110395E+000                 -9.2068328638991037E-001                 -5.0307798703219564E-001 
                 2.4222540737326201E+000                  2.3824696412228387E-007                  3.1364568768453999E-001                  9.0133452877088572E-005                  2.2785921804694809E+002                  1.6000394692408165E-001                  8.6291394979893543E-001                  8.4185171958287732E+000                  8.5162300072618873E+000                 -6.6229726246805702E+000                  2.3576666016570091E+000                  3.8991284223632592E+000                 -9.2063259576664636E-001                 -5.0356067920167669E-001 
                 2.5806165773661167E+000                  2.3421940747203318E-007                  3.1317548229711251E-001                  9.0133452877088572E-005                  2.2706032820467871E+002                  1.5998223305024650E-001                  8.6291394979893543E-001                  8.4185185231569655E+000                  8.5120872402845968E+000                 -6.6303771220356191E+000                  2.3561412602579495E+000                  3.8991534534629757E+000                 -9.2056097857020514E-001                 -5.0421224508108198E-001 
                 2.7389790774740375E+000                  2.2902924468588775E-007                  3.1254899950905346E-001                  9.0133452877088572E-005                  2.2601803660882143E+002                  1.5995173299427320E-001                  8.6291394979893543E-001                  8.4185204025676121E+000                  8.5067266664040186E+000                 -6.6401090591675782E+000                  2.3541430969172197E+000                  3.8991886238942164E+000                 -9.2046036826988609E-001                 -5.0508188696560186E-001 
                 2.8973415751336424E+000                  2.2250221586189345E-007                  3.1172721159084760E-001                  9.0133452877088572E-005                  2.2468581077255678E+002                  1.5990919936043954E-001                  8.6291394979893543E-001                  8.4185230385787921E+000                  8.4998827844571672E+000                 -6.6526656595963027E+000                  2.3515756459361286E+000                  3.8992376895989764E+000                 -9.2032003325546508E-001                 -5.0622528521778110E-001 
                 3.0000000000000000E+000                  2.1752237579109081E-007                  3.1107146320696216E-001                  9.0133452877088572E-005                  2.2365330370771346E+002                  1.5987320446736408E-001                  8.6291394979893543E-001                  8.4185252636042858E+000                  8.4945078463259307E+000                 -6.6624960620069560E+000                  2.3495753167140929E+000                  3.8992792267178236E+000                 -9.2020124261806435E-001                 -5.0713982797903723E-001 
