                           1                            2                            3                            4                            5 
              version_number                 initial_mass                    initial_z                    burn_min1                    burn_min2 
                       10398      1.0000000000000000E+000      2.0000000000000000E-002      5.0000000000000000E+001      1.0000000000000000E+003 

                                       1                                        2                                        3                                        4                                        5                                        6                                        7                                        8                                        9                                       10                                       11                                       12                                       13                                       14 
                            log_star_age                               luminosity                                   radius                                star_mass                 surface_cell_temperature                           conv_mx1_top_r                             conv_mx1_top                           center_entropy                              max_entropy                                    log_L                                 log_Teff                             log_center_T                           log_center_Rho                                    log_R 
                 3.4774582570850243E+000                  1.7525191272968283E-008                  3.0792013144922463E-002                  3.6417259260613399E-005                  3.7872682698753204E+002                  2.2892794738311215E-002                  8.4533090609388084E-001                  8.4012115002782064E+000                  8.4014044702545867E+000                 -7.7563372333703562E+000                  2.5783260681416058E+000                  3.9218245786591441E+000                 -8.4782731330421846E-001                 -1.5115619165157623E+000 
                 3.4781314783110351E+000                  1.7571876951829244E-008                  3.0800949072873902E-002                  3.6417259260613399E-005                  3.7892382137525692E+002                  3.0690878711391895E-002                  9.9999110252000245E-001                  8.3940510739565877E+000                  8.3940808934581721E+000                 -7.7551818465704248E+000                  2.5785519072496901E+000                  3.9206607015385715E+000                 -8.4699490120825804E-001                 -1.5114359013319658E+000 
                 3.4788708182988231E+000                  1.7603855005178865E-008                  3.0807489088690021E-002                  3.6417259260613399E-005                  3.7905585863590312E+002                  3.0697357291740304E-002                  9.9999110252000245E-001                  8.3948986487637889E+000                  8.3949291614638586E+000                 -7.7543922171773749E+000                  2.5787032122639877E+000                  3.9207853232296537E+000                 -8.4712844165720980E-001                 -1.5113436966640363E+000 
                 3.4799332615462530E+000                  1.7649206277105327E-008                  3.0816859300710750E-002                  3.6417259260613399E-005                  3.7924208569342028E+002                  3.0706640621704064E-002                  9.9999110252000245E-001                  8.3961192572153838E+000                  8.3961507819791219E+000                 -7.7532748209970856E+000                  2.5789165252127351E+000                  3.9209647743590588E+000                 -8.4732081679693216E-001                 -1.5112116244713858E+000 
                 3.4814586280767412E+000                  1.7714582906839501E-008                  3.0830360878170118E-002                  3.6417259260613399E-005                  3.7950967152479183E+002                  3.0720016793815051E-002                  9.9999110252000245E-001                  8.3978757915797093E+000                  8.3979087958013423E+000                 -7.7516690687550502E+000                  2.5792228468890124E+000                  3.9212229580071827E+000                 -8.4759783203543426E-001                 -1.5110213917029225E+000 
                 3.4836457863251793E+000                  1.7808872147044827E-008                  3.0849820709983135E-002                  3.6417259260613399E-005                  3.7989379600160777E+002                  3.0739295429082741E-002                  9.9999110252000245E-001                  8.4004028467455782E+000                  8.4004380101580871E+000                 -7.7493635839519666E+000                  2.5796622000454459E+000                  3.9215942746359636E+000                 -8.4799672303381812E-001                 -1.5107473556142483E+000 
                 3.4867760685678593E+000                  1.7944953319709328E-008                  3.0877879243824530E-002                  3.6417259260613399E-005                  3.8044446531649646E+002                  3.0767091767458041E-002                  9.9999110252000245E-001                  8.4040369657889560E+000                  8.4040752456716739E+000                 -7.7460576670615309E+000                  2.5802912692355089E+000                  3.9221280029464460E+000                 -8.4857110168185323E-001                 -1.5103525355491561E+000 
                 3.4912444033631638E+000                  1.8141542097726933E-008                  3.0918358838223057E-002                  3.6417259260613399E-005                  3.8123235594675231E+002                  3.0807191157390314E-002                  9.9999110252000245E-001                  8.4092601845265502E+000                  8.4093028070992197E+000                 -7.7413257990803315E+000                  2.5811897518101210E+000                  3.9228945723162609E+000                 -8.4939815175774136E-001                 -1.5097835667077810E+000 
                 3.4975990985543683E+000                  1.8426109597324747E-008                  3.0976805950830556E-002                  3.6417259260613399E-005                  3.8235741277768710E+002                  3.0865084807772229E-002                  9.9999110252000245E-001                  8.4167614303450033E+000                  8.4168095324555701E+000                 -7.7345663500097235E+000                  2.5824695131253033E+000                  3.9239943065121095E+000                 -8.5058897776462017E-001                 -1.5089633648028415E+000 
                 3.5065895348900633E+000                  1.8841123286694702E-008                  3.1061302858980098E-002                  3.6417259260613399E-005                  3.8396910646775592E+002                  3.0952968412337158E-002                  9.9999150602464681E-001                  8.4275223603080551E+000                  8.4275780061472130E+000                 -7.7248932086200695E+000                  2.5842962819944901E+000                  3.9255694208252407E+000                 -8.5230347536135087E-001                 -1.5077803318463880E+000 
                 3.5192173035081500E+000                  1.9444407585835087E-008                  3.1183642441529824E-002                  3.6417259260613399E-005                  3.8624660696119884E+002                  3.1074158803486913E-002                  9.9999150602464681E-001                  8.4429360640886166E+000                  8.4430012516230750E+000                 -7.7112052839961871E+000                  2.5868646761840162E+000                  3.9278201164609245E+000                 -8.5477172158690717E-001                 -1.5060731579134989E+000 
                 3.5367795396793471E+000                  2.0325756339326585E-008                  3.1361193099416318E-002                  3.6417259260613399E-005                  3.8944381403482544E+002                  3.1250003707453226E-002                  9.9999150602464681E-001                  8.4649673145221982E+000                  8.4650325009059326E+000                 -7.6919532849523682E+000                  2.5904448087154961E+000                  3.9310253351758124E+000                 -8.5832480497303398E-001                 -1.5036074234545500E+000 
                 3.5603851732315617E+000                  2.1599781807639120E-008                  3.1614315486097687E-002                  3.6417259260613399E-005                  3.9382190528174993E+002                  3.1505093217494250E-002                  9.9999190952929118E-001                  8.4956963345095922E+000                  8.4957451475200205E+000                 -7.6655506358961487E+000                  2.5952998678039250E+000                  3.9354725137978774E+000                 -8.6333146252572457E-001                 -1.5001162171032980E+000 
                 3.5866295049044510E+000                  2.3145700319289279E-008                  3.1917103701590996E-002                  3.6417259260613399E-005                  3.9878173951059534E+002                  3.1804869278850074E-002                  9.9999190952929118E-001                  8.5314182116452599E+000                  8.5314519115644352E+000                 -7.6355296742373335E+000                  2.6007352623296156E+000                  3.9406096182395292E+000                 -8.6923188048426248E-001                 -1.4959765253252715E+000 
                 3.6126200806835214E+000                  2.4833238040332580E-008                  3.2241466902199735E-002                  3.6417259260613399E-005                  4.0381306013389428E+002                  3.2130581086823193E-002                  9.9999230351489765E-001                  8.5684631779030802E+000                  8.5685016969241943E+000                 -7.6049666484936695E+000                  2.6061803596815589E+000                  3.9459016960309858E+000                 -8.7544488134894649E-001                 -1.4915852071573263E+000 
                 3.6376585445976044E+000                  2.6626016402547844E-008                  3.2579115864303620E-002                  3.6417259260613399E-005                  4.0877687667908060E+002                  3.2464748982462800E-002                  9.9999230351489765E-001                  8.6057845684756007E+000                  8.6058204873659427E+000                 -7.5746938047891632E+000                  2.6114863199289697E+000                  3.9511955386436202E+000                 -8.8179649876591082E-001                 -1.4870607057998950E+000 
                 3.6616591719450531E+000                  2.8524689583669753E-008                  3.2927980036610550E-002                  3.6417259260613399E-005                  4.1366817106141588E+002                  3.2815010788936699E-002                  9.9999269750050412E-001                  8.6431181332333260E+000                  8.6431348426029118E+000                 -7.5447790730388569E+000                  2.6166521050761906E+000                  3.9564515117741128E+000                 -8.8824143765103725E-001                 -1.4824349102191827E+000 
                 3.6846766722568400E+000                  3.0536213273293726E-008                  3.3287809490593803E-002                  3.6417259260613399E-005                  4.1849532006440302E+002                  3.3173695834861718E-002                  9.9999288973378841E-001                  8.6803760473839695E+000                  8.6803760473839695E+000                 -7.5151848198165174E+000                  2.6216906046311896E+000                  3.9616580789737688E+000                 -8.9477085373136866E-001                 -1.4777147827180115E+000 
                 3.7067758872627334E+000                  3.2870770543367662E-008                  3.3665122005932115E-002                  3.6417259260613399E-005                  4.2387889568693782E+002                  3.1577587176991620E-002                  9.9909525091540718E-001                  8.7174907950104785E+000                  8.7174907950104785E+000                 -7.4831901152426727E+000                  2.6272417930478666E+000                  3.9668061773969980E+000                 -9.0137576790275842E-001                 -1.4728198072644432E+000 
                 3.7272784603770845E+000                  3.6009740071944278E-008                  3.4061544802643576E-002                  3.6417259260613399E-005                  4.3112404525959334E+002                  3.1800421975277909E-002                  9.9901101325345787E-001                  8.7530847881578246E+000                  8.7530847881577927E+000                 -7.4435800134725829E+000                  2.6346022444827835E+000                  3.9717054467507129E+000                 -9.0780010949971446E-001                 -1.4677356592492319E+000 
                 3.7455140517041556E+000                  3.9594007453736799E-008                  3.4447648468519783E-002                  3.6417259260613399E-005                  4.3899239248455558E+002                  3.2040476341477275E-002                  9.9896605225359025E-001                  8.7856654410647721E+000                  8.7860159468290835E+000                 -7.4023705394964807E+000                  2.6424569930460833E+000                  3.9761563028250673E+000                 -9.1375507559814373E-001                 -1.4628404193877804E+000 
                 3.7622005724579166E+000                  4.3575428438970188E-008                  3.4826056469290628E-002                  3.6417259260613399E-005                  4.4718547203020626E+002                  3.2309428421653789E-002                  9.9896605225359025E-001                  8.8162078435662199E+000                  8.8268256625704513E+000                 -7.3607583341602325E+000                  2.6504876847466696E+000                  3.9802995674520893E+000                 -9.1940344084430337E-001                 -1.4580957001208292E+000 
                 3.7779600017401451E+000                  4.8038020563720758E-008                  3.5203309170461307E-002                  3.6417259260613399E-005                  4.5575763252747669E+002                  3.2575550426907379E-002                  9.9896605225359025E-001                  8.8456437747012853E+000                  8.8843083638295077E+000                 -7.3184148962725546E+000                  2.6587339492526114E+000                  3.9842665469499399E+000                 -9.2491065952717744E-001                 -1.4534165101888736E+000 
                 3.7931833221438755E+000                  5.3072687655771688E-008                  3.5583197285760065E-002                  3.6417259260613399E-005                  4.6475567930865736E+002                  3.2865661406969678E-002                  9.9898853275352384E-001                  8.8745782164915124E+000                  8.9423778684146829E+000                 -7.2751289186921619E+000                  2.6672247042962822E+000                  3.9881405492112423E+000                 -9.3038560845187224E-001                 -1.4487550314860191E+000 
                 3.8081609146150495E+000                  5.8782820950697094E-008                  3.5968416560642841E-002                  3.6417259260613399E-005                  4.7422163748801808E+002                  3.3163900285045296E-002                  9.9901101325345765E-001                  8.9034832111335227E+000                  9.0000968974433349E+000                 -7.2307495762435936E+000                  2.6759813645293300E+000                  3.9919846537017216E+000                 -9.3591466183092287E-001                 -1.4440786807278296E+000 
                 3.8231356250405284E+000                  6.5316219401308449E-008                  3.6362371327867897E-002                  3.6417259260613399E-005                  4.8423768045547445E+002                  3.3474312475647458E-002                  9.9903329505150729E-001                  8.9327688882959340E+000                  9.0566965848230829E+000                 -7.1849789608102421E+000                  2.6850585792935253E+000                  3.9958522768085460E+000                 -9.4157590433632710E-001                 -1.4393478025395441E+000 
                 3.8382706061157621E+000                  7.2826546885465163E-008                  3.6768858600280334E-002                  3.6417259260613399E-005                  4.9483655512869620E+002                  3.3812331529798241E-002                  9.9906624698871893E-001                  8.9627017896007413E+000                  9.1110644457850700E+000                 -7.1377102818916871E+000                  2.6944617735218945E+000                  3.9997768903879476E+000                 -9.4742339496892303E-001                 -1.4345198515370057E+000 
                 3.8535879632042969E+000                  8.1434240805273161E-008                  3.7188789093657894E-002                  3.6417259260613399E-005                  5.0597046178775037E+002                  3.4163443425660224E-002                  9.9909525091540696E-001                  8.9932616276060635E+000                  9.1620883086301141E+000                 -7.0891929481081570E+000                  2.7041251624487224E+000                  4.0037540869486188E+000                 -9.5345800465761632E-001                 -1.4295879624988963E+000 
                 3.8613037821598652E+000                  8.6185928382181575E-008                  3.7403676487759198E-002                  3.6417259260613399E-005                  5.1171879030604492E+002                  3.4350018419989033E-002                  9.9911358470293310E-001                  9.0087291404276240E+000                  9.1861803508828164E+000                 -7.0645636358554986E+000                  2.7090313632441028E+000                  4.0057556695235697E+000                 -9.5653780890920692E-001                 -1.4270857079633283E+000 
