                           1                            2                            3                            4                            5 
              version_number                 initial_mass                    initial_z                    burn_min1                    burn_min2 
                       10398      1.0000000000000000E+000      2.0000000000000000E-002      5.0000000000000000E+001      1.0000000000000000E+003 

                                       1                                        2                                        3                                        4                                        5                                        6                                        7                                        8                                        9                                       10                                       11                                       12                                       13                                       14 
                            log_star_age                               luminosity                                   radius                                star_mass                 surface_cell_temperature                           conv_mx1_top_r                             conv_mx1_top                           center_entropy                              max_entropy                                    log_L                                 log_Teff                             log_center_T                           log_center_Rho                                    log_R 
                 3.4877776990947815E+000                  9.1987412804886048E-009                  4.0640239111163108E-002                  9.1043148151533395E-006                  2.8059725398013876E+002                  1.6811217012461160E-002                  5.4061151608150593E-001                  8.3634706038187030E+000                  8.3654608676043640E+000                 -8.0362715957345969E+000                  2.4480833920421192E+000                  3.7677621724720840E+000                 -1.3280795285882288E+000                 -1.3910437454989104E+000 
                 3.5026776963684902E+000                  1.3112961015831223E-008                  4.4457678969605945E-002                  9.1043148151533395E-006                  2.9314414075480209E+002                  4.3458592514733330E-002                  9.9968613378971916E-001                  8.4734779477739757E+000                  8.4737162303503997E+000                 -7.8822992299242580E+000                  2.4670812180123116E+000                  3.7788583347797147E+000                 -1.3594280664931435E+000                 -1.3520532145341253E+000 
                 3.5119522271307271E+000                  1.6438208586999469E-008                  4.7265367387828799E-002                  9.1043148151533395E-006                  3.0083026137231218E+002                  4.6097876823562797E-002                  9.9962333823830662E-001                  8.5428893553123100E+000                  8.5439215792812888E+000                 -7.7841455130229829E+000                  2.4783215209906406E+000                  3.7854614543234795E+000                 -1.3800400402418151E+000                 -1.3254569620401451E+000 
                 3.5177856429429677E+000                  1.8999536211748392E-008                  4.9234493336277323E-002                  9.1043148151533395E-006                  3.0561905723025001E+002                  4.7938900585755034E-002                  9.9957310179717640E-001                  8.5868928304268355E+000                  8.5887633145570668E+000                 -7.7212570002648979E+000                  2.4851804316458401E+000                  3.7894801301717820E+000                 -1.3934667007859931E+000                 -1.3077305269715023E+000 
                 3.5214783241526999E+000                  2.0845081487489416E-008                  5.0572369435008667E-002                  9.1043148151533395E-006                  3.0861971555269275E+002                  4.9212971608420537E-002                  9.9954798357661134E-001                  8.6148876296775754E+000                  8.6173152839775362E+000                 -7.6809964027925250E+000                  2.4894236666122183E+000                  3.7919684920443073E+000                 -1.4021623484162540E+000                 -1.2960866981680721E+000 
                 3.5239316652149437E+000                  2.2178877875194404E-008                  5.1503337042293026E-002                  9.1043148151533395E-006                  3.1059654905523752E+002                  5.0082747438161920E-002                  9.9952286535604629E-001                  8.6335427390194184E+000                  8.6363481135070757E+000                 -7.6540604304564255E+000                  2.4921966260712036E+000                  3.7935969188577023E+000                 -1.4080246685433961E+000                 -1.2881646309179935E+000 
                 3.5260298242154722E+000                  2.3390972550165934E-008                  5.2327506327474071E-002                  9.1043148151533395E-006                  3.1226727157337115E+002                  5.0858805297963536E-002                  9.9950295296488656E-001                  8.6495281479555466E+000                  8.6526611551067525E+000                 -7.6309517207137363E+000                  2.4945264686048785E+000                  3.7949730321849984E+000                 -1.4130916458964990E+000                 -1.2812699611139986E+000 
                 3.5280174929782806E+000                  2.4606407481352316E-008                  5.3133301636484019E-002                  9.1043148151533395E-006                  3.1383983698111160E+002                  5.1639768559046985E-002                  9.9949299676930670E-001                  8.6646988246493333E+000                  8.6681461657589534E+000                 -7.6089517883660367E+000                  2.4967080695044652E+000                  3.7962622737755400E+000                 -1.4179377705575735E+000                 -1.2746331967393214E+000 
                 3.5299488942129367E+000                  2.5852513173446348E-008                  5.3940164463792455E-002                  9.1043148151533395E-006                  3.1535445972262835E+002                  5.2376963809027802E-002                  9.9946312818256711E-001                  8.6794586321249927E+000                  8.6832394762065164E+000                 -7.5874972319005316E+000                  2.4987989771088670E+000                  3.7975007298825991E+000                 -1.4226874932404798E+000                 -1.2680877337153735E+000 
                 3.5318391229803572E+000                  2.7135307585509711E-008                  5.4753324930477874E-002                  9.1043148151533395E-006                  3.1681654745770362E+002                  5.3143662649419714E-002                  9.9944321579140738E-001                  8.6939189585919614E+000                  8.6981756665072947E+000                 -7.5664652512198467E+000                  2.5008078568605749E+000                  3.7986986151091040E+000                 -1.4273741947668870E+000                 -1.2615895028784470E+000 
                 3.5336944080326322E+000                  2.8460210764973324E-008                  5.5575621215880090E-002                  9.1043148151533395E-006                  3.1823415069980382E+002                  5.3964716661456580E-002                  9.9944321579140738E-001                  8.7081394380892334E+000                  8.7128643944461999E+000                 -7.5457618880280535E+000                  2.5027467832812356E+000                  3.7998614978787786E+000                 -1.4320152920760165E+000                 -1.2551156741238714E+000 
                 3.5355164422390977E+000                  2.9827971076754938E-008                  5.6407254842504320E-002                  9.1043148151533395E-006                  3.1960816399992797E+002                  5.4750639269436775E-002                  9.9942330340024765E-001                  8.7221296689860779E+000                  8.7273099146846480E+000                 -7.5253762867028762E+000                  2.5046178642801884E+000                  3.8009906710730563E+000                 -1.4366124857908282E+000                 -1.2486650354591882E+000 
                 3.5373060491810118E+000                  3.1238332591765743E-008                  5.7247820740756919E-002                  9.1043148151533395E-006                  3.2093856015164130E+002                  5.5545979923367308E-002                  9.9940339100908793E-001                  8.7358876568874155E+000                  8.7415107760917650E+000                 -7.5053121555092455E+000                  2.5064218998541987E+000                  3.8020865478061423E+000                 -1.4411639145285389E+000                 -1.2422410410103939E+000 
                 3.5390623738120590E+000                  3.2689155393613586E-008                  5.8095841656741608E-002                  9.1043148151533395E-006                  3.2222395152051149E+002                  5.6349261188726275E-002                  9.9938347861792831E-001                  8.7493963920193281E+000                  8.7554457089114326E+000                 -7.4855963003627828E+000                  2.5081578191965779E+000                  3.8031484949492818E+000                 -1.4456629221766975E+000                 -1.2358549521219202E+000 
                 3.5407880029397405E+000                  3.4184260398391591E-008                  5.8953450401105716E-002                  9.1043148151533395E-006                  3.2346802068861405E+002                  5.7162605143390749E-002                  9.9936356622676858E-001                  8.7626931526096286E+000                  8.7691569601550157E+000                 -7.4661738119427365E+000                  2.5098313510568118E+000                  3.8041800843352376E+000                 -1.4501215428863636E+000                 -1.2294907716323655E+000 
                 3.5424829584672239E+000                  3.5722519129141148E-008                  5.9819618040628957E-002                  9.1043148151533395E-006                  3.2467071676245780E+002                  5.7984993131893751E-002                  9.9934365383560897E-001                  8.7757672353638991E+000                  8.7826307694896997E+000                 -7.4470579225352083E+000                  2.5114431197658975E+000                  3.8051811507252049E+000                 -1.4545354944402811E+000                 -1.2231563643467727E+000 
                 3.5441475004454639E+000                  3.7303272367171042E-008                  6.0693851103167405E-002                  9.1043148151533395E-006                  3.2583205208305333E+002                  5.8815916654580531E-002                  9.9932374144444924E-001                  8.7886149811048071E+000                  8.7958686393534915E+000                 -7.4282530687632047E+000                  2.5129938035805064E+000                  3.8061520214751510E+000                 -1.4589029069684505E+000                 -1.2168553050899880E+000 
                 3.5457822548812863E+000                  3.8925511567448223E-008                  6.1575422834143745E-002                  9.1043148151533395E-006                  3.2695222640401403E+002                  5.9654664143702997E-002                  9.9930382905328952E-001                  8.8012319443568572E+000                  8.8088676521220979E+000                 -7.4097656711308124E+000                  2.5144842990479273E+000                  3.8070930051022387E+000                 -1.4632213029521115E+000                 -1.2105925972086335E+000 
                 3.5473907047987310E+000                  4.0594924972054894E-008                  6.2467117044311869E-002                  9.1043148151533395E-006                  3.2803608681212671E+002                  6.0504024712935874E-002                  9.9928391666212968E-001                  8.8136605214136221E+000                  8.8216730104293344E+000                 -7.3915282569252154E+000                  2.5159216224774057E+000                  3.8080077356815893E+000                 -1.4675046099719133E+000                 -1.2043485369647924E+000 
                 3.5489737500732406E+000                  4.2310964072912969E-008                  6.3368343325169413E-002                  9.1043148151533395E-006                  3.2908377599089783E+002                  6.1363417259636982E-002                  9.9926400427096995E-001                  8.8258971593214355E+000                  8.8342843619760814E+000                 -7.3735470789755784E+000                  2.5173064718500662E+000                  3.8088964542438046E+000                 -1.4717506430564324E+000                 -1.1981276467352953E+000 
                 3.5505314385010074E+000                  4.4072990142377931E-008                  6.4278488450149301E-002                  9.1043148151533395E-006                  3.3009558793135892E+002                  6.2232232642276154E-002                  9.9924409187981023E-001                  8.8379393189104807E+000                  8.8467009025298449E+000                 -7.3558274836792830E+000                  2.5186397195573367E+000                  3.8097595104033704E+000                 -1.4759572978008604E+000                 -1.1919343445016881E+000 
                 3.5520677512091372E+000                  4.5885432280099187E-008                  6.5199681680878391E-002                  9.1043148151533395E-006                  3.3107423743106733E+002                  6.3069981699123256E-002                  9.9920426709749077E-001                  8.8498156581648377E+000                  8.8589681464858323E+000                 -7.3383251725141259E+000                  2.5199253873896090E+000                  3.8105992191529983E+000                 -1.4801342301728782E+000                 -1.1857545245836543E+000 
                 3.5535812639122781E+000                  4.7748992760560661E-008                  6.6131236163372964E-002                  9.1043148151533395E-006                  3.3202222186925087E+002                  6.3953545665705852E-002                  9.9918065792365784E-001                  8.8615228952457805E+000                  8.8710160928156352E+000                 -7.3210357851932022E+000                  2.5211671514960736E+000                  3.8114158038093620E+000                 -1.4842790259108498E+000                 -1.1795933591361221E+000 
                 3.5550712727277194E+000                  4.9660188435039380E-008                  6.7071594459873429E-002                  9.1043148151533395E-006                  3.3293710100198626E+002                  6.4846505077511857E-002                  9.9915704874982492E-001                  8.8730465857705116E+000                  8.8829040328549240E+000                 -7.3039916368526878E+000                  2.5223621936473948E+000                  3.8122086586623554E+000                 -1.4883854719893668E+000                 -1.1734613692685065E+000 
                 3.5565386005401916E+000                  5.1621475745470513E-008                  6.8021170632606501E-002                  9.1043148151533395E-006                  3.3382201272910203E+002                  6.5749273574367467E-002                  9.9913343957599199E-001                  8.8843985127877900E+000                  8.8946313128609109E+000                 -7.2871695840820880E+000                  2.5235149713087437E+000                  3.8129790354005162E+000                 -1.4924564641448705E+000                 -1.1673558982059049E+000 
                 3.5579855191954910E+000                  5.3633287539716586E-008                  6.8979227451805528E-002                  9.1043148151533395E-006                  3.3467930607060168E+002                  6.6661095615129923E-002                  9.9910983040215906E-001                  8.8955752880365306E+000                  8.9061736153750104E+000                 -7.2705655814333774E+000                  2.5246288598274691E+000                  3.8137271137704198E+000                 -1.4964895509642400E+000                 -1.1612816739190004E+000 
                 3.5594148824161591E+000                  5.5702155064818334E-008                  6.9949818971151087E-002                  9.1043148151533395E-006                  3.3550895806084520E+002                  6.7552589255720316E-002                  9.9907010024615717E-001                  8.9066265709725236E+000                  8.9175833611752662E+000                 -7.2541280020497299E+000                  2.5257041202723083E+000                  3.8144564353120893E+000                 -1.5005020429744695E+000                 -1.1552134051168552E+000 
                 3.5608236534618003E+000                  5.7819894712821970E-008                  7.0929350271659614E-002                  9.1043148151533395E-006                  3.3630687966022037E+002                  6.8499927282616488E-002                  9.9905260356025760E-001                  8.9175170618682369E+000                  8.9288234192504810E+000                 -7.2379227034934832E+000                  2.5267357515357216E+000                  3.8151650524089127E+000                 -1.5044799868201180E+000                 -1.1491740183655581E+000 
                 3.5622122823936690E+000                  5.9993271722470297E-008                  7.1917630924835288E-002                  9.1043148151533395E-006                  3.3708340218222531E+002                  6.9393502602271770E-002                  9.9900442140025381E-001                  8.9282483907041446E+000                  8.9398945527107543E+000                 -7.2218974532439004E+000                  2.5277373685923616E+000                  3.8158534747640376E+000                 -1.5084230859642282E+000                 -1.1431646273540466E+000 
                 3.5635837656887159E+000                  6.2220385466281093E-008                  7.2916190862065397E-002                  9.1043148151533395E-006                  3.3783186135824656E+002                  7.0334227651681874E-002                  9.9897373592614969E-001                  8.9388388333697293E+000                  8.9508170743172730E+000                 -7.2060673026879343E+000                  2.5287006060268964E+000                  3.8165231532757962E+000                 -1.5123376732337439E+000                 -1.1371760269451330E+000 
                 3.5649387589166279E+000                  6.4507797621981881E-008                  7.3925663814064513E-002                  9.1043148151533395E-006                  3.3855938370686317E+002                  7.1269142828435175E-002                  9.9893438635335308E-001                  8.9492986101152265E+000                  8.9616002766628231E+000                 -7.1903877852172178E+000                  2.5296348554447383E+000                  3.8171750509668172E+000                 -1.5162269750314337E+000                 -1.1312047670454581E+000 
                 3.5662767465286747E+000                  6.6847851206375243E-008                  7.4945044223014248E-002                  9.1043148151533395E-006                  3.3925778404263809E+002                  7.2294085566286997E-002                  9.9893438635335308E-001                  8.9596181728246194E+000                  8.9722322715039322E+000                 -7.1749125483752589E+000                  2.5305298210310547E+000                  3.8178088459156427E+000                 -1.5200870800693551E+000                 -1.1252570797971122E+000 
                 3.5675977535486068E+000                  6.9246877153600109E-008                  7.5973907806923091E-002                  9.1043148151533395E-006                  3.3993605784061833E+002                  7.3223758545415574E-002                  9.9888202217881106E-001                  8.9697952162156351E+000                  8.9827088299043343E+000                 -7.1595998073254643E+000                  2.5313972336828989E+000                  3.8184247129773614E+000                 -1.5239166326008280E+000                 -1.1193355345759028E+000 
                 3.5689016159113462E+000                  7.1702482744818494E-008                  7.7011622747838362E-002                  9.1043148151533395E-006                  3.4059230309514976E+002                  7.4200451767490169E-002                  9.9884818990954627E-001                  8.9798278506087588E+000                  8.9930233499292846E+000                 -7.1444658063446536E+000                  2.5322348292855490E+000                  3.8190229337618762E+000                 -1.5277141295325802E+000                 -1.1134437252907976E+000 
                 3.5701891590342272E+000                  7.4215936790375549E-008                  7.8058836430887374E-002                  9.1043148151533395E-006                  3.4122643986891308E+002                  7.5187466980012371E-002                  9.9881435764028148E-001                  8.9897221967398799E+000                  9.0032207355097409E+000                 -7.1295028262985154E+000                  2.5330426750187516E+000                  3.8196040281881971E+000                 -1.5314820079192226E+000                 -1.1075779267341348E+000 
                 3.5714606986553714E+000                  7.6789044708154578E-008                  7.9114986382683564E-002                  9.1043148151533395E-006                  3.4184155518013557E+002                  7.6165380967075633E-002                  9.9877090836950455E-001                  8.9994767015607540E+000                  9.0132909047700274E+000                 -7.1147007352051155E+000                  2.5338248555913259E+000                  3.8201682935614856E+000                 -1.5352188720948530E+000                 -1.1017412423325821E+000 
                 3.5720911901443539E+000                  7.8097437940257550E-008                  7.9646926797990084E-002                  9.1043148151533395E-006                  3.4214019878258358E+002                  7.6701056527942846E-002                  9.9877090836950466E-001                  9.0043080757058380E+000                  9.0182779252989391E+000                 -7.1073632133270479E+000                  2.5342041033597096E+000                  3.8204445945572711E+000                 -1.5370780088654508E+000                 -1.0988309769303168E+000 
