                           1                            2                            3                            4                            5 
              version_number                 initial_mass                    initial_z                    burn_min1                    burn_min2 
                       10398      1.0000000000000000E+000      2.0000000000000000E-002      5.0000000000000000E+001      1.0000000000000000E+003 

                                       1                                        2                                        3                                        4                                        5                                        6                                        7                                        8                                        9                                       10                                       11                                       12                                       13                                       14 
                            log_star_age                               luminosity                                   radius                                star_mass                 surface_cell_temperature                           conv_mx1_top_r                             conv_mx1_top                           center_entropy                              max_entropy                                    log_L                                 log_Teff                             log_center_T                           log_center_Rho                                    log_R 
                 3.1247290711762656E+000                  1.7765279793476863E-007                  9.2142681768047241E-002                  4.0058985186674701E-005                  3.9065375939709566E+002                  9.1365124888476895E-002                  9.9998582855435625E-001                  9.0043593690215893E+000                  9.0043601430232361E+000                 -6.7504279482193370E+000                  2.5917920071560845E+000                  4.1751076178139401E+000                 -5.9242385544952192E-001                 -1.0355391519692103E+000 
                 3.6858304548253216E+000                  1.7161586586502563E-007                  9.1125269228997968E-002                  4.0058985186674701E-005                  3.8944789928919391E+002                  9.0371459750866578E-002                  9.9998629489204549E-001                  8.9915552238467757E+000                  8.9915560262807368E+000                 -6.7654425641614946E+000                  2.5904493649619069E+000                  4.1735318094150999E+000                 -5.8975069813767445E-001                 -1.0403611755519335E+000 
                 3.9810830026925395E+000                  1.6413619196233537E-007                  8.9846756983509385E-002                  4.0058985186674701E-005                  3.8786385020682167E+002                  8.9095761164809398E-002                  9.9998629489204549E-001                  8.9749977021886629E+000                  8.9749985373089025E+000                 -6.7847956466342847E+000                  2.5886793036281333E+000                  4.1714763820774667E+000                 -5.8632821919222489E-001                 -1.0464975941207815E+000 
                 4.1749328872993114E+000                  1.5638346237991941E-007                  8.8494698290508461E-002                  4.0058985186674701E-005                  3.8611662239467677E+002                  8.7768243754581352E-002                  9.9998676122973473E-001                  8.9568754313947192E+000                  8.9568762974968905E+000                 -6.8058091756808485E+000                  2.5867184978393740E+000                  4.1692061511630580E+000                 -5.8262659973903230E-001                 -1.0530827470665454E+000 
                 4.3182370990534213E+000                  1.4873616000815064E-007                  8.7138114136598346E-002                  4.0058985186674701E-005                  3.8426380763756060E+002                  8.6414923800814836E-002                  9.9998676122973473E-001                  8.9380176735687105E+000                  8.9380185677394852E+000                 -6.8275834350900180E+000                  2.5846294811543520E+000                  4.1668233804186876E+000                 -5.7882343120107016E-001                 -1.0597918434010865E+000 
                 4.4328511091849325E+000                  1.4128341627455171E-007                  8.5793438125305613E-002                  4.0058985186674701E-005                  3.8231838214304298E+002                  8.5073777808495274E-002                  9.9998676122973473E-001                  8.9186241581296191E+000                  8.9186250786422736E+000                 -6.8499088122712584E+000                  2.5824251790135766E+000                  4.1643526267436206E+000                 -5.7496269014647161E-001                 -1.0665459277101554E+000 
                 4.5293766160973030E+000                  1.3405614174433444E-007                  8.4464424004052033E-002                  4.0058985186674701E-005                  3.8028936957580777E+002                  8.3748508805065250E-002                  9.9998676122973473E-001                  8.8987464219106442E+000                  8.8987473688741261E+000                 -6.8727132841460667E+000                  2.5801141847983819E+000                  4.1617986804003850E+000                 -5.7105604974797464E-001                 -1.0733261752171706E+000 
                 4.6135938369728153E+000                  1.2706569025399926E-007                  8.3151741242123739E-002                  4.0058985186674701E-005                  3.7818197014282708E+002                  8.2480487569431243E-002                  9.9998767196298211E-001                  8.8784071465006740E+000                  8.8784081237919619E+000                 -6.8959716999957354E+000                  2.5777008192221409E+000                  4.1591606194884649E+000                 -5.6710746586772665E-001                 -1.0801286519895226E+000 
                 4.6889525318710019E+000                  1.2029674132167862E-007                  8.1855704518558697E-002                  4.0058985186674701E-005                  3.7598317363484193E+002                  8.1188127831927664E-002                  9.9998767196298211E-001                  8.8576283093793542E+000                  8.8576294267145634E+000                 -6.9197461369592519E+000                  2.5751684086085276E+000                  4.1564360388869854E+000                 -5.6311963438153001E-001                 -1.0869510492440542E+000 
                 4.7576733452734770E+000                  1.1376152084036288E-007                  8.0576453994663608E-002                  4.0058985186674701E-005                  3.7370094050509658E+002                  7.9932445160277796E-002                  9.9998811635854024E-001                  8.8364079737639276E+000                  8.8364092230443827E+000                 -6.9440046106353837E+000                  2.5725241900380382E+000                  4.1536206429762235E+000                 -5.5909179937486153E-001                 -1.0937918489411413E+000 
                 4.8212714387994486E+000                  1.0743435765592731E-007                  7.9314031699073681E-002                  4.0058985186674701E-005                  3.7131304203266302E+002                  7.8673779771915503E-002                  9.9998811635854024E-001                  8.8147203192273373E+000                  8.8147216876982704E+000                 -6.9688568084484430E+000                  2.5697402028437808E+000                  4.1507095463593124E+000                 -5.5502025321298165E-001                 -1.1006499734591566E+000 
                 4.8808227160136317E+000                  1.0131223041748171E-007                  7.8068518454584762E-002                  4.0058985186674701E-005                  3.6881359334228796E+002                  7.7432176198762206E-002                  9.9998811635854024E-001                  8.7925271191368655E+000                  8.7925285919544525E+000                 -6.9943381234235069E+000                  2.5668069185610518E+000                  4.1476986251584380E+000                 -5.5089998444290988E-001                 -1.1075240623812301E+000 
                 4.9371241239505261E+000                  9.5391960836268362E-008                  7.6839943872415759E-002                  4.0058985186674701E-005                  3.6619620872040275E+002                  7.6207649125454538E-002                  9.9998811635854024E-001                  8.7697996824896478E+000                  8.7698012467518023E+000                 -7.0204882239495845E+000                  2.5637138427588013E+000                  4.1445853286662810E+000                 -5.4672788610668988E-001                 -1.1144129610397688E+000 
                 4.9907827085112126E+000                  8.9672536374339285E-008                  7.5628535156563842E-002                  4.0058985186674701E-005                  3.6345566161184962E+002                  7.5000406964958896E-002                  9.9998811635854024E-001                  8.7465313131442350E+000                  8.7465329597457089E+000                 -7.0473405461125731E+000                  2.5604514373680396E+000                  4.1413689979218926E+000                 -5.4250406007323060E-001                 -1.1213143113397388E+000 
                 5.0422733691227517E+000                  8.4163069752182168E-008                  7.4434631574327656E-002                  4.0058985186674701E-005                  3.6059714968344281E+002                  7.3810739171923809E-002                  9.9998811635854024E-001                  8.7227361206963518E+000                  8.7227378450247439E+000                 -7.0748784325044971E+000                  2.5570222885486871E+000                  4.1380494333224318E+000                 -5.3823129969698968E-001                 -1.1282249568969960E+000 
                 5.0919367232998622E+000                  7.8865983798430704E-008                  7.3259314577570678E-002                  4.0058985186674701E-005                  3.5761886875055603E+002                  7.2677128550747261E-002                  9.9998900514965650E-001                  8.6984571757930649E+000                  8.6984589757332600E+000                 -7.1031102747894241E+000                  2.5534204240093255E+000                  4.1346278646254540E+000                 -5.3391637782969947E-001                 -1.1351371489607363E+000 
                 5.1400649635612510E+000                  7.3776969893862083E-008                  7.2103380544879400E-002                  4.0058985186674701E-005                  3.5451270940101728E+002                  7.1525096550903999E-002                  9.9998900514965650E-001                  8.6737153674023375E+000                  8.6737172369348254E+000                 -7.1320791857234580E+000                  2.5496318083152802E+000                  4.1311032331748585E+000                 -5.2956313425938273E-001                 -1.1420443730396626E+000 
                 5.1868943694405854E+000                  6.8898234962295193E-008                  7.0967491242827016E-002                  4.0058985186674701E-005                  3.5127861922120223E+002                  7.0393184313561147E-002                  9.9998900514965650E-001                  8.6485010231313222E+000                  8.6485029530652469E+000                 -7.1617919037230582E+000                  2.5456517158728378E+000                  4.1274729860814370E+000                 -5.2517239801466475E-001                 -1.1489405471545775E+000 
                 5.2325918605370365E+000                  6.4232897026393732E-008                  6.9852763494634804E-002                  4.0058985186674701E-005                  3.4791808224444264E+002                  6.9282513473235496E-002                  9.9998900514965650E-001                  8.6228222730014235E+000                  8.6228242544753062E+000                 -7.1922424900331734E+000                  2.5414769996072359E+000                  4.1237382804351430E+000                 -5.2074777641683967E-001                 -1.1558164077784325E+000 
                 5.2772991546014341E+000                  5.9787359501147159E-008                  6.8760154513870089E-002                  4.0058985186674701E-005                  3.4443980986466403E+002                  6.8211241335382033E-002                  9.9998942861608187E-001                  8.5967113216072715E+000                  8.5967135232434817E+000                 -7.2233906267003380E+000                  2.5371133395823651E+000                  4.1199032740717918E+000                 -5.1629430769034201E-001                 -1.1626631560622718E+000 
                 5.3211336481552856E+000                  5.5560955065137462E-008                  6.7690660915951717E-002                  4.0058985186674701E-005                  3.4084542409344022E+002                  6.7145736068670248E-002                  9.9998942861608175E-001                  8.5702257322318705E+000                  8.5702282163537813E+000                 -7.2552302975644771E+000                  2.5325574666007946E+000                  4.1159739457807616E+000                 -5.1181836968375261E-001                 -1.1694712455312011E+000 
                 5.3641803692287535E+000                  5.1556280807448079E-008                  6.6645674870791163E-002                  4.0058985186674701E-005                  3.3714275365860379E+002                  6.6104858888352880E-002                  9.9998942861608175E-001                  8.5434379906735316E+000                  8.5434407357547801E+000                 -7.2877184195393667E+000                  2.5278138282947289E+000                  4.1119572144873207E+000                 -5.0732859662506857E-001                 -1.1762280299065142E+000 
                 5.4064819538081883E+000                  4.7775565506355906E-008                  6.5626987992360067E-002                  4.0058985186674701E-005                  3.3334169739814149E+002                  6.5090419396684265E-002                  9.9998942861608175E-001                  8.5164116572394715E+000                  8.5164545459426932E+000                 -7.3207941636170348E+000                  2.5228896411262087E+000                  4.1078601021978862E+000                 -5.0283939313406600E-001                 -1.1829175276083086E+000 
                 5.4480633490268575E+000                  4.4219155492597774E-008                  6.4636070917223995E-002                  4.0058985186674701E-005                  3.2945382667948803E+002                  6.4103915809086087E-002                  9.9998942861608164E-001                  8.4891909628491682E+000                  8.4892819276590021E+000                 -7.3543895559320438E+000                  2.5177945548559455E+000                  4.1036889365625351E+000                 -4.9836297590838247E-001                 -1.1895250512252864E+000 
                 5.4889572877652002E+000                  4.0883061184731698E-008                  6.3673539890157074E-002                  4.0058985186674701E-005                  3.2548859380367753E+002                  6.3145997073415963E-002                  9.9998942861608164E-001                  8.4618176482554226E+000                  8.4619478005852624E+000                 -7.3884565931604458E+000                  2.5125357725052484E+000                  4.0994513956793401E+000                 -4.9390726073806235E-001                 -1.1960410051380925E+000 
                 5.5292291348560507E+000                  3.7762394412550994E-008                  6.2738950265509227E-002                  4.0058985186674701E-005                  3.2145906478281557E+002                  6.2232163895744305E-002                  9.9998985208250701E-001                  8.4343188614242131E+000                  8.4345006197220194E+000                 -7.4229404760479731E+000                  2.5071256752635396E+000                  4.0951531664451171E+000                 -4.8947477226571268E-001                 -1.2024627520984386E+000 
                 5.5689480381983127E+000                  3.4848282172151313E-008                  6.1831714920855305E-002                  4.0058985186674701E-005                  3.1737237191208084E+002                  6.1329761450520437E-002                  9.9998985208250701E-001                  8.4067263349745218E+000                  8.4069525388515629E+000                 -7.4578186253577403E+000                  2.5015691159111273E+000                  4.0907989117248249E+000                 -4.8507422136877903E-001                 -1.2087887080484978E+000 
                 5.6081901341424532E+000                  3.2131274489612089E-008                  6.0951118769145461E-002                  4.0058985186674701E-005                  3.1323520505924216E+002                  6.0454293074159650E-002                  9.9998985208250701E-001                  8.3790544296236202E+000                  8.3792847446819874E+000                 -7.4930720477809363E+000                  2.4958705654892177E+000                  4.0863891324519752E+000                 -4.8072329420073101E-001                 -1.2150183184162766E+000 
                 5.6470156870252399E+000                  2.9603494346486258E-008                  6.0096520602359878E-002                  4.0058985186674701E-005                  3.0905836319678207E+002                  5.9605155252938372E-002                  9.9998985208250701E-001                  8.3513056389815770E+000                  8.3515125754432677E+000                 -7.5286570225279767E+000                  2.4900404983644808E+000                  4.0819222000506787E+000                 -4.7642711090258744E-001                 -1.2211506715403231E+000 
                 5.6855061927470425E+000                  2.7258601935559886E-008                  5.9266423006861767E-002                  4.0058985186674701E-005                  3.0486035872635989E+002                  5.8795964390050123E-002                  9.9999027554893238E-001                  8.3234492098110930E+000                  8.3236229956264616E+000                 -7.5644964224280509E+000                  2.4841009544094437E+000                  4.0773929534172595E+000                 -4.7217047342982060E-001                 -1.2271912835802861E+000 
                 5.7237102820627133E+000                  2.5083172323315539E-008                  5.8459758169220132E-002                  4.0058985186674701E-005                  3.0063983778654352E+002                  5.7995199821483420E-002                  9.9999027554893238E-001                  8.2954825607653753E+000                  8.2968416427424465E+000                 -7.6006175382007584E+000                  2.4780465264376561E+000                  4.0728002166161801E+000                 -4.6793981462929018E-001                 -1.2331429855230653E+000 
                 5.7616520085507599E+000                  2.3065349166566545E-008                  5.7676216554477959E-002                  4.0058985186674701E-005                  2.9639511851846129E+002                  5.7217898455939609E-002                  9.9999027554893216E-001                  8.2674377204321043E+000                  8.2695357363688444E+000                 -7.6370399665937443E+000                  2.4718710446837431E+000                  4.0681467926397623E+000                 -4.6375206650250955E-001                 -1.2390032362117314E+000 
                 5.7992866414286759E+000                  2.1201741515862319E-008                  5.6917021632517745E-002                  4.0058985186674701E-005                  2.9214685885154051E+002                  5.6475807004273050E-002                  9.9999058815830588E-001                  8.2393511982115673E+000                  8.2419719090301538E+000                 -7.6736284645587149E+000                  2.4656012190158330E+000                  4.0634416801013167E+000                 -4.5964345257648725E-001                 -1.2447578338583967E+000 
                 5.8367082988151031E+000                  1.9479131203928870E-008                  5.6180288850274263E-002                  4.0058985186674701E-005                  2.8789215609766489E+002                  5.5755935996670919E-002                  9.9999090076767971E-001                  8.2111110491960702E+000                  8.2143095005553537E+000                 -7.7104304171572906E+000                  2.4592298300414330E+000                  4.0586748974858695E+000                 -4.5560675004096474E-001                 -1.2504160322088849E+000 
                 5.8739590516017106E+000                  1.7887218130363545E-008                  5.5465277643615390E-002                  4.0058985186674701E-005                  2.8363154173968974E+002                  5.5060539095819483E-002                  9.9999130427232408E-001                  8.1826439278466925E+000                  8.1867297178189897E+000                 -7.7474571968599646E+000                  2.4527545233679588E+000                  4.0538448010544732E+000                 -4.5161572137885098E-001                 -1.2559788087132728E+000 
                 5.9110704257985809E+000                  1.6416268969436543E-008                  5.4771464419947187E-002                  4.0058985186674701E-005                  2.7936426927029464E+002                  5.4382406364986279E-002                  9.9999160690080735E-001                  8.1539009892022989E+000                  8.1594790664097783E+000                 -7.7847255408893581E+000                  2.4461708566148053E+000                  4.0489528508399122E+000                 -4.4766073129986589E-001                 -1.2614456472216624E+000 
                 5.9480702005560957E+000                  1.5056192553329786E-008                  5.4098044112354408E-002                  4.0058985186674701E-005                  2.7508532897470303E+002                  5.3724051895055504E-002                  9.9999190952929062E-001                  8.1249058024066674E+000                  8.1328265301247953E+000                 -7.8222848396983098E+000                  2.4394674264560932E+000                  4.0439986307538787E+000                 -4.4376600327706422E-001                 -1.2668184363087152E+000 
                 5.9849962392886793E+000                  1.3796779899479030E-008                  5.3444768096482090E-002                  4.0058985186674701E-005                  2.7078291325340547E+002                  5.3088227822433019E-002                  9.9999230351489710E-001                  8.0958312804313692E+000                  8.1069919085912510E+000                 -7.8602222639663690E+000                  2.4326212537583034E+000                  4.0389828298568933E+000                 -4.3995374529971804E-001                 -1.2720948030471653E+000 
                 6.0000000000000000E+000                  1.3309980085871414E-008                  5.3183798112709742E-002                  4.0058985186674701E-005                  2.6901970845126937E+002                  5.2828711763300167E-002                  9.9999230351489743E-001                  8.0839841889445037E+000                  8.0966859394884185E+000                 -7.8758225943076408E+000                  2.4297840950612688E+000                  4.0369183666180168E+000                 -4.3841961531628765E-001                 -1.2742206508237313E+000 
