                           1                            2                            3                            4                            5 
              version_number                 initial_mass                    initial_z                    burn_min1                    burn_min2 
                       10398      1.0000000000000000E+000      2.0000000000000000E-002      5.0000000000000000E+001      1.0000000000000000E+003 

                                       1                                        2                                        3                                        4                                        5                                        6                                        7                                        8                                        9                                       10                                       11                                       12                                       13                                       14 
                            log_star_age                               luminosity                                   radius                                star_mass                 surface_cell_temperature                           conv_mx1_top_r                             conv_mx1_top                           center_entropy                              max_entropy                                    log_L                                 log_Teff                             log_center_T                           log_center_Rho                                    log_R 
                 3.4981789125485649E+000                  1.5807438843307658E-008                  3.0867754191185478E-002                  3.0347716050511103E-005                  3.6863215924519795E+002                  2.1750114319815154E-002                  8.0109626558552449E-001                  8.3838863699811359E+000                  8.3838863699811359E+000                 -7.8011384897339680E+000                  2.5665922792029821E+000                  3.9003997083176523E+000                 -8.9722449431495099E-001                 -1.5104949668203216E+000 
                 3.5277874617754943E+000                  1.7503655800844745E-008                  3.1275814634310728E-002                  3.0347716050511103E-005                  3.7567067481748683E+002                  3.1133294040512603E-002                  9.9998698342751402E-001                  8.4298206654969299E+000                  8.4298206654969299E+000                 -7.7568712354097080E+000                  2.5748072941307529E+000                  3.9068799346182987E+000                 -9.0486666791503323E-001                 -1.5047913695137327E+000 
                 3.5514077686008894E+000                  1.9009762392611682E-008                  3.1630212087045910E-002                  3.0347716050511103E-005                  3.8134893618782405E+002                  3.1490608039835749E-002                  9.9998767196298233E-001                  8.4682649435594062E+000                  8.4682649435594364E+000                 -7.7210233114471558E+000                  2.5813225383850864E+000                  3.9122557517501653E+000                 -9.1136533954084664E-001                 -1.4998978960411244E+000 
                 3.5731230298039569E+000                  2.0532532984219494E-008                  3.1980707353467273E-002                  3.0347716050511103E-005                  3.8663041773224984E+002                  3.1844138099576966E-002                  9.9998833855631952E-001                  8.5049957215718113E+000                  8.5049957215718113E+000                 -7.6875574708333883E+000                  2.5872960178686708E+000                  3.9173555753233509E+000                 -9.1766681528446381E-001                 -1.4951119347014092E+000 
                 3.5937999201609543E+000                  2.2113229335461457E-008                  3.2338510901880127E-002                  3.0347716050511103E-005                  3.9168095275440947E+002                  3.2198560300201656E-002                  9.9998833855631952E-001                  8.5412055907925808E+000                  8.5412055907925808E+000                 -7.6553478300056632E+000                  2.5929324517335495E+000                  3.9223503833151940E+000                 -9.2397315434485039E-001                 -1.4902799820173038E+000 
                 3.6136959372089597E+000                  2.3775678209697168E-008                  3.2707023548134498E-002                  3.0347716050511103E-005                  3.9659034378363566E+002                  3.2570303334880847E-002                  9.9998900514965661E-001                  8.5772420603376212E+000                  8.5772420603376496E+000                 -7.6238670858089268E+000                  2.5983421349597897E+000                  3.9272836845563459E+000                 -9.3033832528980354E-001                 -1.4853589763714157E+000 
                 3.6328871570343821E+000                  2.5521921129796285E-008                  3.3086775344103099E-002                  3.0347716050511103E-005                  4.0135671944573875E+002                  3.2946363895198200E-002                  9.9998900514965661E-001                  8.6131599421090890E+000                  8.6131599421090890E+000                 -7.5930866377617301E+000                  2.6035305374680302E+000                  3.9321594050990640E+000                 -9.3676651287253643E-001                 -1.4803455573642987E+000 
                 3.6514569314892094E+000                  2.7363147447705761E-008                  3.3478691099211692E-002                  3.0347716050511103E-005                  4.0600996840170598E+002                  3.3339028903887701E-002                  9.9998942861608198E-001                  8.6489904354709584E+000                  8.6489904354709584E+000                 -7.5628339493293808E+000                  2.6085366957719134E+000                  3.9369848190696728E+000                 -9.4326564686294290E-001                 -1.4752315297558909E+000 
                 3.6694441702414839E+000                  2.9307448068600721E-008                  3.3883058094863090E-002                  3.0347716050511103E-005                  4.1056565807606324E+002                  3.3739376285408455E-002                  9.9998942861608198E-001                  8.6846735748145303E+000                  8.6846735748145303E+000                 -7.5330219958903051E+000                  2.6133826190473610E+000                  3.9417575401355283E+000                 -9.4983211104525800E-001                 -1.4700173995872479E+000 
                 3.6868775088326702E+000                  3.1365374762584381E-008                  3.4300042603947201E-002                  3.0347716050511103E-005                  4.1504454430515176E+002                  3.4152133229048802E-002                  9.9998942861608198E-001                  8.7201867415478667E+000                  8.7201867415478986E+000                 -7.5035495190193586E+000                  2.6180947087321922E+000                  3.9464732878564175E+000                 -9.5646206393943789E-001                 -1.4647053405214367E+000 
                 3.7037871990606974E+000                  3.3546615844660662E-008                  3.4729790575015893E-002                  3.0347716050511103E-005                  4.1945996436377681E+002                  3.4582647321593843E-002                  9.9998985208250735E-001                  8.7555470041026844E+000                  8.7555470041027164E+000                 -7.4743512845596491E+000                  2.6226905148521138E+000                  3.9511292876956441E+000                 -9.6315319063589278E-001                 -1.4592978355314257E+000 
                 3.7201924987872621E+000                  3.6093387801095490E-008                  3.5181204221254522E-002                  3.0347716050511103E-005                  4.2445434188881319E+002                  3.2495123480604474E-002                  9.9874560786126609E-001                  8.7907157755651397E+000                  8.7916817970509360E+000                 -7.4425723522361533E+000                  2.6278309797228832E+000                  3.9557192497006950E+000                 -9.6989538176421330E-001                 -1.4536892991112167E+000 
                 3.7355619293501237E+000                  3.9383510212721134E-008                  3.5652769636912801E-002                  3.0347716050511103E-005                  4.3093462246789448E+002                  3.2762680896902041E-002                  9.9864595327774852E-001                  8.8243808049127228E+000                  8.8263457990072265E+000                 -7.4046855782416783E+000                  2.6344113871286630E+000                  3.9600768429350617E+000                 -9.7643328610086100E-001                 -1.4479067269255383E+000 
                 3.7494898544866566E+000                  4.3101607222719559E-008                  3.6115821886097993E-002                  3.0347716050511103E-005                  4.3792933125762693E+002                  3.3041159971840352E-002                  9.9858040354016031E-001                  8.8554392444194718E+000                  8.8583750152259313E+000                 -7.3655065350609830E+000                  2.6414040331969062E+000                  3.9640670050875002E+000                 -9.8254024644610993E-001                 -1.4423024974716767E+000 
                 3.7624169138510277E+000                  4.7224979619515151E-008                  3.6573324021962776E-002                  3.0347716050511103E-005                  4.4523587142886123E+002                  3.3363591518720599E-002                  9.9858040354016031E-001                  8.8847057703216450E+000                  8.8885843173188910E+000                 -7.3258282208308829E+000                  2.6485901461966845E+000                  3.9677986811088339E+000                 -9.8835986462979541E-001                 -1.4368355663561834E+000 
                 3.7747244464728125E+000                  5.1820304223522990E-008                  3.7031228275414184E-002                  3.0347716050511103E-005                  4.5286666090856664E+002                  3.3658862581184043E-002                  9.9855231079547968E-001                  8.9129341046707697E+000                  8.9372692009570791E+000                 -7.2855000417128055E+000                  2.6559703491756603E+000                  3.9713702944066922E+000                 -9.9403157803184905E-001                 -1.4314318827550965E+000 
                 3.7866653397273509E+000                  5.6960984770864242E-008                  3.7493022142002008E-002                  3.0347716050511103E-005                  4.6083830132303706E+002                  3.4005474244529606E-002                  9.9858040354016031E-001                  8.9406235699430550E+000                  8.9905982546055228E+000                 -7.2444225109994429E+000                  2.6635485663086720E+000                  3.9748467207441545E+000                 -9.9965056206524106E-001                 -1.4260495516644383E+000 
                 3.7984429193070519E+000                  6.2732150646363864E-008                  3.7961741422726264E-002                  3.0347716050511103E-005                  4.6916855837701462E+002                  3.4360911157176030E-002                  9.9860849628484094E-001                  8.9681780041839065E+000                  9.0436619462615919E+000                 -7.2025098232894189E+000                  2.6713288990809447E+000                  3.9782800581684019E+000                 -1.0052973115343700E+000                 -1.4206538733539724E+000 
                 3.8102195537868537E+000                  6.9262241397033779E-008                  3.8440727662040153E-002                  3.0347716050511103E-005                  4.7792280527325090E+002                  3.4720399501520630E-002                  9.9862722478129473E-001                  8.9959150408226094E+000                  9.0960538632240802E+000                 -7.1595034583451369E+000                  2.6793577536238553E+000                  3.9817106859942117E+000                 -1.0110381642161792E+000                 -1.4152083999676526E+000 
                 3.8161453953461186E+000                  7.2854585418969220E-008                  3.8685162202925887E-002                  3.0347716050511103E-005                  4.8247124057801415E+002                  3.4915330889269638E-002                  9.9864595327774863E-001                  9.0099240217330561E+000                  9.1217798177492195E+000                 -7.1375431088289965E+000                  2.6834714299441886E+000                  3.9834336154877716E+000                 -1.0139593106986819E+000                 -1.4124555778502488E+000 
