                           1                            2                            3                            4                            5 
              version_number                 initial_mass                    initial_z                    burn_min1                    burn_min2 
                       10398      1.0000000000000000E+000      2.0000000000000000E-002      5.0000000000000000E+001      1.0000000000000000E+003 

                                       1                                        2                                        3                                        4                                        5                                        6                                        7                                        8                                        9                                       10                                       11                                       12                                       13                                       14 
                            log_star_age                               luminosity                                   radius                                star_mass                 surface_cell_temperature                           conv_mx1_top_r                             conv_mx1_top                           center_entropy                              max_entropy                                    log_L                                 log_Teff                             log_center_T                           log_center_Rho                                    log_R 
                 3.0564950491902430E+000                  1.3381695593899519E-007                  1.5482524399274170E-001                  9.0133452877088572E-005                  2.8076081221723967E+002                  9.6184632302282649E-002                  9.3471500892739878E-001                  8.4481896810490795E+000                  8.4614690140416382E+000                 -6.8734888536520247E+000                  2.4483363182647913E+000                  4.2189660763271926E+000                 -2.4972716126278346E-001                 -8.1015822690296824E-001 
                 3.1267729575604202E+000                  1.3417755784797890E-007                  1.5480923462956392E-001                  9.0133452877088572E-005                  2.8096418276525179E+002                  9.5711377353095164E-002                  9.3254117242598200E-001                  8.4481594093806365E+000                  8.4569941985406363E+000                 -6.8723201169377068E+000                  2.4486509572362736E+000                  4.2189613939256283E+000                 -2.4972311085092858E-001                 -8.1020313648877418E-001 
                 3.2114011581964026E+000                  1.3258317918242742E-007                  1.5463644274767138E-001                  9.0133452877088572E-005                  2.8028225474422322E+002                  9.5705594367314656E-002                  9.3254117242598200E-001                  8.4481290402011311E+000                  8.4569940497052496E+000                 -6.8775115713432937E+000                  2.4475956000717387E+000                  4.2189574649406083E+000                 -2.4971759030517068E-001                 -8.1068814936249789E-001 
                 3.3010299956639808E+000                  1.3068715369137194E-007                  1.5442676195529309E-001                  9.0133452877088572E-005                  2.7946431664321420E+002                  9.5698255363748055E-002                  9.3254117242598200E-001                  8.4480985954295544E+000                  8.4569938602266568E+000                 -6.8837671006761330E+000                  2.4463263604642784E+000                  4.2189541192158995E+000                 -2.4971093159905755E-001                 -8.1127743481399683E-001 
